4314584537, 38849, 0, 8125
4314584550, 48124, 0, 5170
4314584563, 48124, 0, 3570
4314584576, 48124, 0, 2725
4314584589, 48124, 0, 2205
4314584602, 48124, 0, 1849
4314584615, 48124, 0, 1594
4314584628, 48124, 0, 1399
4314584641, 48124, 0, 1249
4314584654, 48124, 0, 1125
4314584667, 48124, 0, 1024
4314584680, 48124, 0, 940
4314584693, 48124, 0, 870
4314584706, 48124, 0, 810
4314584719, 48124, 0, 756
4314584732, 48124, 0, 709
4314584745, 48124, 0, 666
4314584758, 48124, 0, 630
4314584771, 48124, 0, 600
4314584784, 48124, 0, 570
4314584797, 76201, 0, 903
4314584810, 85244, 0, 932
4314584823, 85244, 0, 891
4314584836, 85244, 0, 854
4314584849, 85244, 0, 819
4314584862, 85244, 0, 788
4314584875, 85244, 0, 760
4314584888, 85244, 0, 733
4314584901, 85244, 0, 707
4314584914, 85244, 0, 684
4314584927, 85244, 0, 662
4314584940, 85244, 0, 643
4314584953, 85244, 0, 621
4314584966, 85244, 0, 603
4314584979, 85244, 0, 589
4314584992, 85244, 0, 571
4314585005, 85244, 0, 554
4314585018, 85244, 0, 540
4314585031, 85244, 0, 527
4314585044, 85244, 0, 513
4314585057, 114387, 0, 687
4314585070, 115479, 0, 671
4314585083, 115479, 0, 656
4314585096, 115479, 0, 641
4314585109, 115479, 0, 629
4314585122, 115479, 0, 613
4314585135, 115479, 0, 601
4314585148, 115479, 0, 587
4314585161, 115479, 0, 576
4314585174, 115479, 0, 564
4314585187, 115479, 0, 555
4314585200, 115479, 0, 543
4314585213, 115479, 0, 533
4314585226, 115479, 0, 523
4314585239, 115479, 0, 513
4314585252, 115479, 0, 504
4314585265, 115479, 0, 495
4314585278, 115479, 0, 486
4314585291, 115479, 0, 476
4314585304, 120101, 0, 496
4314585317, 140754, 0, 563
4314585330, 140754, 0, 552
4314585343, 140754, 0, 545
4314585356, 140754, 0, 535
4314585369, 140754, 0, 528
4314585382, 140754, 0, 519
4314585395, 140754, 0, 512
4314585408, 140754, 0, 506
4314585421, 140754, 0, 497
4314585434, 140754, 0, 490
4314585447, 140754, 0, 483
4314585460, 140754, 0, 478
4314585473, 140754, 0, 472
4314585486, 140754, 0, 462
4314585499, 140754, 0, 457
4314585512, 140754, 0, 450
4314585525, 140754, 0, 445
4314585538, 140754, 0, 440
4314585551, 140754, 0, 434
4314585564, 152552, 0, 477
4314585577, 161254, 0, 490
4314585590, 161254, 0, 484
4314585603, 161254, 0, 478
4314585616, 161254, 0, 473
4314585629, 161254, 0, 468
4314585642, 161254, 0, 463
4314585655, 161254, 0, 457
4314585668, 161254, 0, 451
4314585681, 161254, 0, 446
4314585694, 161254, 0, 441
4314585707, 161254, 0, 436
4314585720, 161254, 0, 432
4314585733, 161254, 0, 427
4314585746, 161254, 0, 421
4314585759, 161254, 0, 416
4314585772, 161254, 0, 411
4314585785, 161254, 0, 410
4314585798, 161254, 0, 405
4314585811, 164692, 0, 409
4314585824, 178444, 0, 443
4314585837, 178444, 0, 438
4314585850, 178444, 0, 434
4314585863, 178444, 0, 429
4314585876, 178444, 0, 425
4314585889, 178444, 0, 422
4314585902, 178444, 0, 417
4314585915, 178444, 0, 414
4314585928, 178444, 0, 411
4314585941, 178444, 0, 406
4314585954, 178444, 0, 401
4314585967, 178444, 0, 398
4314585980, 178444, 0, 396
4314585993, 178444, 0, 391
4314586006, 178444, 0, 388
4314586019, 178444, 0, 385
4314586032, 178444, 0, 382
4314586045, 178444, 0, 378
4314586058, 181102, 0, 389
4314586071, 187228, 0, 404
4314586084, 192249, 0, 407
4314586097, 192249, 0, 404
4314586110, 192249, 0, 400
4314586123, 192249, 0, 397
4314586136, 192249, 0, 394
4314586149, 192249, 0, 389
4314586162, 192249, 0, 389
4314586175, 192249, 0, 384
4314586188, 192249, 0, 379
4314586201, 192249, 0, 379
4314586214, 192249, 0, 374
4314586227, 192249, 0, 374
4314586240, 192249, 0, 369
4314586253, 192249, 0, 368
4314586266, 192249, 0, 364
4314586279, 192249, 0, 361
4314586292, 192249, 0, 359
4314586305, 192249, 0, 356
4314586318, 196879, 0, 365
4314586331, 203632, 0, 378
4314586344, 203632, 0, 376
4314586357, 203632, 0, 373
4314586370, 203632, 0, 371
4314586383, 203632, 0, 368
4314586396, 203632, 0, 366
4314586409, 203632, 0, 363
4314586422, 203632, 0, 360
4314586435, 203632, 0, 358
4314586448, 203632, 0, 355
4314586461, 203632, 0, 355
4314586474, 203632, 0, 350
4314586487, 203632, 0, 350
4314586500, 203632, 0, 345
4314586513, 203632, 0, 345
4314586526, 203632, 0, 340
4314586539, 203632, 0, 340
4314586552, 203632, 0, 337
4314586565, 206158, 0, 340
4314586578, 211622, 0, 348
4314586591, 212855, 0, 345
4314586604, 212855, 0, 344
4314586617, 212855, 0, 341
4314586630, 212855, 0, 339
4314586643, 212855, 0, 336
4314586656, 212855, 0, 334
4314586669, 212855, 0, 333
4314586682, 212855, 0, 331
4314586695, 212855, 0, 328
4314586708, 212855, 0, 328
4314586721, 212855, 0, 325
4314586734, 212855, 0, 323
4314586747, 212855, 0, 320
4314586760, 212855, 0, 319
4314586773, 212855, 0, 318
4314586786, 212855, 0, 315
4314586799, 212855, 0, 314
4314586812, 214457, 0, 312
4314586825, 216059, 0, 315
4314586838, 220737, 0, 321
4314586851, 220737, 0, 319
4314586864, 220737, 0, 319
4314586877, 220737, 0, 316
4314586890, 220737, 0, 314
4314586903, 220737, 0, 311
4314586916, 220737, 0, 310
4314586929, 220737, 0, 309
4314586942, 220737, 0, 306
4314586955, 220737, 0, 305
4314586968, 220737, 0, 305
4314586981, 220737, 0, 301
4314586994, 220737, 0, 300
4314587007, 220737, 0, 300
4314587020, 220737, 0, 300
4314587033, 220737, 0, 295
4314587046, 220737, 0, 295
4314587059, 220737, 0, 294
4314587072, 223472, 16, 298
4314587085, 226434, 350, 314
4314587098, 227585, 536, 316
4314587111, 227585, 536, 314
4314587124, 227585, 536, 312
4314587137, 227585, 536, 311
4314587150, 227585, 536, 309
4314587163, 227585, 536, 307
4314587176, 227585, 536, 307
4314587189, 227585, 536, 304
4314587202, 227585, 536, 303
4314587215, 227585, 536, 302
4314587228, 227585, 536, 301
4314587241, 227585, 536, 298
4314587254, 227585, 536, 298
4314587267, 227585, 536, 296
4314587280, 227585, 536, 293
4314587293, 227585, 536, 293
4314587306, 227585, 536, 293
4314587319, 228554, 791, 298
4314587332, 229936, 1055, 303
4314587345, 232181, 1679, 316
4314587358, 232922, 1855, 318
4314587371, 234027, 2141, 324
4314587384, 234027, 2141, 322
4314587397, 234027, 2141, 322
4314587410, 234027, 2141, 319
4314587423, 234027, 2141, 319
4314587436, 234027, 2141, 317
4314587449, 234027, 2141, 314
4314587462, 234027, 2141, 314
4314587475, 234027, 2141, 313
4314587488, 234027, 2141, 311
4314587501, 234027, 2141, 309
4314587514, 234027, 2141, 309
4314587527, 234027, 2141, 307
4314587540, 234027, 2141, 304
4314587553, 234027, 2141, 304
4314587566, 234027, 2141, 303
4314587579, 235138, 2426, 308
4314587592, 236995, 2759, 316
4314587605, 237835, 3082, 326
4314587618, 240029, 3544, 334
4314587631, 241097, 3878, 335
4314587644, 241824, 4088, 337
4314587657, 241824, 4088, 335
4314587670, 241824, 4088, 334
4314587683, 241824, 4088, 332
4314587696, 241824, 4088, 332
4314587709, 241824, 4088, 330
4314587722, 241824, 4088, 328
4314587735, 241824, 4088, 328
4314587748, 241824, 4088, 327
4314587761, 241824, 4088, 324
4314587774, 241824, 4088, 323
4314587787, 241824, 4088, 323
4314587800, 241824, 4088, 322
4314587813, 241824, 4088, 318
4314587826, 241824, 4088, 318
4314587839, 242279, 4425, 321
4314587852, 243431, 4786, 327
4314587865, 243573, 4860, 325
4314587878, 245487, 5503, 346
4314587892, 246807, 6169, 351
4314587904, 248278, 6867, 361
4314587917, 249385, 7295, 368
4314587930, 250136, 7490, 374
4314587943, 250136, 7490, 372
4314587956, 250136, 7490, 370
4314587969, 250136, 7490, 369
4314587982, 250136, 7490, 368
4314587995, 250136, 7490, 365
4314588008, 250136, 7490, 365
4314588021, 250136, 7490, 364
4314588034, 250136, 7490, 362
4314588047, 250136, 7490, 360
4314588060, 250136, 7490, 359
4314588073, 250136, 7490, 359
4314588086, 250136, 7490, 357
4314588099, 250136, 7490, 354
4314588112, 250711, 7963, 365
4314588125, 251911, 8377, 375
4314588138, 252399, 8543, 379
4314588151, 253270, 8882, 377
4314588164, 255030, 9540, 382
4314588177, 256498, 10127, 390
4314588190, 257792, 10686, 395
4314588203, 259481, 11177, 403
4314588216, 260335, 11411, 401
4314588229, 260335, 11411, 398
4314588242, 260335, 11411, 398
4314588255, 260335, 11411, 397
4314588268, 260335, 11411, 396
4314588281, 260335, 11411, 393
4314588294, 260335, 11411, 393
4314588307, 260335, 11411, 391
4314588320, 260335, 11411, 388
4314588333, 260335, 11411, 388
4314588346, 260335, 11411, 388
4314588359, 260335, 11411, 386
4314588372, 260335, 11411, 383
4314588385, 261168, 11770, 391
4314588398, 262813, 12071, 392
4314588411, 262976, 12193, 394
4314588424, 264244, 12676, 399
4314588437, 265468, 13256, 411
4314588450, 266852, 13654, 416
4314588463, 267405, 13935, 418
4314588476, 269112, 14652, 421
4314588489, 270623, 15121, 424
4314588502, 271639, 15537, 429
4314588515, 271639, 15537, 429
4314588528, 271639, 15537, 426
4314588541, 271639, 15537, 426
4314588554, 271639, 15537, 424
4314588567, 271639, 15537, 424
4314588580, 271639, 15537, 421
4314588593, 271639, 15537, 419
4314588606, 271639, 15537, 419
4314588619, 271639, 15537, 417
4314588632, 271639, 15537, 416
4314588645, 271702, 15571, 416
4314588658, 273028, 16091, 421
4314588671, 273884, 16386, 422
4314588684, 274182, 16562, 427
4314588697, 275683, 17094, 433
4314588710, 276642, 17500, 439
4314588723, 277830, 17912, 442
4314588736, 278331, 18160, 447
4314588749, 279675, 18612, 455
4314588762, 281042, 19128, 466
4314588775, 282395, 19656, 476
4314588788, 282480, 19681, 474
4314588801, 282480, 19681, 471
4314588814, 282480, 19681, 471
4314588827, 282480, 19681, 469
4314588840, 282480, 19681, 466
4314588853, 282480, 19681, 466
4314588866, 282480, 19681, 464
4314588879, 282480, 19681, 464
4314588892, 282480, 19681, 461
4314588905, 282480, 19681, 461
4314588918, 282480, 19681, 459
4314588931, 283192, 20114, 460
4314588944, 284391, 20517, 468
4314588957, 284982, 20854, 472
4314588970, 285497, 21187, 478
4314588983, 286663, 21774, 484
4314588996, 287798, 22164, 488
4314589009, 288295, 22451, 489
4314589022, 289479, 22933, 495
4314589035, 290317, 23310, 497
4314589048, 291488, 23817, 503
4314589061, 291948, 23951, 501
4314589074, 291948, 23951, 501
4314589087, 291948, 23951, 499
4314589100, 291948, 23951, 497
4314589113, 291948, 23951, 496
4314589126, 291948, 23951, 496
4314589139, 291948, 23951, 493
4314589152, 291948, 23951, 492
4314589165, 291948, 23951, 491
4314589178, 291948, 23951, 489
4314589191, 291948, 23951, 488
4314589204, 292706, 24481, 493
4314589217, 293657, 24873, 499
4314589230, 293900, 25026, 499
4314589243, 295020, 25522, 508
4314589256, 295862, 25981, 511
4314589269, 296543, 26349, 511
4314589282, 297391, 26909, 512
4314589295, 298169, 27376, 511
4314589308, 299014, 27823, 512
4314589321, 299812, 28265, 519
4314589334, 300710, 28614, 521
4314589347, 300710, 28614, 519
4314589360, 300710, 28614, 519
4314589373, 300710, 28614, 517
4314589386, 300710, 28614, 514
4314589399, 300710, 28614, 514
4314589412, 300710, 28614, 514
4314589425, 300710, 28614, 511
4314589438, 300710, 28614, 509
4314589451, 300710, 28614, 509
4314589464, 300710, 28614, 509
4314589477, 301337, 29086, 516
4314589490, 302291, 29527, 520
4314589503, 302832, 29867, 524
4314589516, 303509, 30276, 526
4314589529, 304261, 30701, 521
4314589542, 304922, 31140, 527
4314589555, 305557, 31423, 531
4314589568, 306658, 31992, 536
4314589581, 307739, 32511, 538
4314589594, 308049, 32778, 542
4314589607, 308741, 33140, 542
4314589620, 309607, 33495, 541
4314589633, 309607, 33495, 541
4314589646, 309607, 33495, 541
4314589659, 309607, 33495, 538
4314589672, 309607, 33495, 536
4314589685, 309607, 33495, 536
4314589698, 309607, 33495, 536
4314589711, 309607, 33495, 532
4314589724, 309607, 33495, 531
4314589737, 309607, 33495, 531
4314589750, 247576, 27026, 420
4314589763, 247576, 27026, 417
4314589776, 247603, 27034, 422
4314589789, 188126, 21062, 310
4314589802, 188126, 21062, 309
4314589815, 125995, 14436, 205
4314589828, 125995, 14436, 204
4314589841, 63484, 7589, 107
4314589854, 63484, 7589, 106
4314589867, 63506, 7592, 110
