4314598881, 36356, 2, 6664
4314598894, 67371, 2, 7056
4314598907, 67371, 2, 5103
4314598920, 67371, 2, 3996
4314598933, 67371, 2, 3281
4314598946, 67371, 2, 2788
4314598959, 67371, 2, 2424
4314598972, 67371, 2, 2141
4314598985, 67371, 2, 1920
4314598998, 67371, 2, 1735
4314599011, 67371, 2, 1586
4314599024, 67371, 2, 1457
4314599037, 67371, 2, 1351
4314599050, 67371, 2, 1260
4314599063, 67371, 2, 1180
4314599076, 67371, 2, 1109
4314599089, 67371, 2, 1044
4314599102, 67371, 2, 989
4314599115, 67371, 2, 938
4314599128, 67371, 2, 893
4314599141, 71509, 2, 922
4314599154, 110194, 2, 1326
4314599167, 119339, 2, 1367
4314599180, 119339, 2, 1310
4314599193, 119339, 2, 1260
4314599206, 119339, 2, 1211
4314599219, 119339, 2, 1165
4314599232, 119339, 2, 1126
4314599245, 119339, 2, 1085
4314599258, 119339, 2, 1051
4314599271, 119339, 2, 1019
4314599284, 119339, 2, 989
4314599297, 119339, 2, 958
4314599310, 119339, 2, 929
4314599323, 119339, 2, 905
4314599336, 119339, 2, 882
4314599349, 119339, 2, 856
4314599362, 119339, 2, 833
4314599375, 119339, 2, 810
4314599388, 119339, 2, 791
4314599401, 119339, 2, 772
4314599414, 149970, 2, 954
4314599427, 161668, 2, 1002
4314599440, 161668, 2, 980
4314599453, 161668, 2, 958
4314599466, 161668, 2, 938
4314599479, 161668, 2, 917
4314599492, 161668, 2, 899
4314599505, 161668, 2, 881
4314599518, 161668, 2, 862
4314599531, 161668, 2, 847
4314599544, 161668, 2, 830
4314599557, 161668, 2, 815
4314599570, 161668, 2, 798
4314599583, 161668, 2, 785
4314599596, 161668, 2, 771
4314599609, 161668, 2, 758
4314599622, 161668, 2, 745
4314599635, 161668, 2, 733
4314599648, 161668, 2, 720
4314599661, 166723, 2, 720
4314599674, 190713, 2, 819
4314599687, 197053, 2, 831
4314599700, 197053, 2, 818
4314599713, 197053, 2, 805
4314599726, 197053, 2, 794
4314599739, 197053, 2, 782
4314599752, 197053, 2, 771
4314599765, 197053, 2, 759
4314599778, 197053, 2, 747
4314599791, 197053, 2, 737
4314599804, 197053, 2, 727
4314599817, 197053, 2, 717
4314599830, 197053, 2, 708
4314599843, 197053, 2, 699
4314599856, 197053, 2, 690
4314599869, 197053, 2, 681
4314599882, 197053, 2, 671
4314599895, 197053, 2, 662
4314599908, 201153, 2, 674
4314599921, 201153, 2, 667
4314599934, 224860, 9, 750
4314599947, 225788, 52, 741
4314599960, 225788, 52, 734
4314599973, 225788, 52, 722
4314599986, 225788, 52, 715
4314599999, 225788, 52, 709
4314600012, 225788, 52, 701
4314600025, 225788, 52, 694
4314600038, 225788, 52, 683
4314600051, 225788, 52, 676
4314600064, 225788, 52, 668
4314600077, 225788, 52, 661
4314600090, 225788, 52, 655
4314600103, 225788, 52, 648
4314600116, 225788, 52, 641
4314600129, 225788, 52, 634
4314600142, 225788, 52, 629
4314600155, 225788, 52, 622
4314600168, 229303, 95, 631
4314600181, 231955, 296, 639
4314600195, 238401, 865, 669
4314600207, 243013, 1401, 686
4314600220, 248269, 2250, 723
4314600233, 251537, 2751, 745
4314600246, 251693, 2766, 742
4314600259, 251693, 2766, 735
4314600272, 251693, 2766, 728
4314600285, 251693, 2766, 721
4314600298, 251693, 2766, 714
4314600311, 251693, 2766, 707
4314600324, 251693, 2766, 700
4314600337, 251693, 2766, 693
4314600350, 251693, 2766, 686
4314600363, 251693, 2766, 683
4314600376, 251693, 2766, 676
4314600389, 251693, 2766, 671
4314600402, 251693, 2766, 664
4314600415, 252107, 2934, 667
4314600428, 253983, 3345, 667
4314600441, 255080, 3468, 666
4314600454, 255097, 3474, 668
4314600467, 256871, 3927, 682
4314600480, 259709, 4593, 705
4314600493, 263412, 5462, 726
4314600506, 266421, 6361, 769
4314600519, 268912, 7006, 792
4314600532, 272023, 7986, 815
4314600545, 274741, 8810, 838
4314600558, 276721, 9421, 851
4314600571, 276721, 9421, 845
4314600584, 276721, 9421, 839
4314600597, 276721, 9421, 831
4314600610, 276721, 9421, 825
4314600623, 276721, 9421, 819
4314600636, 276721, 9421, 812
4314600649, 276721, 9421, 807
4314600662, 276721, 9421, 801
4314600675, 276721, 9421, 796
4314600688, 277113, 9649, 789
4314600701, 277871, 10021, 806
4314600714, 278596, 10373, 805
4314600727, 279593, 10781, 805
4314600740, 280557, 11067, 805
4314600753, 281949, 11626, 805
4314600766, 282879, 11932, 804
4314600779, 284334, 12243, 811
4314600792, 284334, 12243, 805
4314600805, 285299, 12644, 809
4314600818, 286907, 13342, 824
4314600831, 288846, 14150, 832
4314600844, 291010, 15078, 862
4314600857, 293150, 15949, 875
4314600870, 295283, 16880, 873
4314600883, 297286, 17813, 896
4314600896, 299216, 18686, 904
4314600909, 301507, 19605, 940
4314600922, 303022, 20182, 948
4314600935, 303272, 20265, 941
4314600948, 303272, 20265, 934
4314600961, 303272, 20265, 929
4314600974, 303272, 20265, 923
4314600987, 303272, 20265, 918
4314601000, 303510, 20570, 913
4314601013, 303948, 21037, 907
4314601026, 304679, 21599, 929
4314601039, 305514, 22159, 946
4314601052, 306729, 22854, 954
4314601065, 307333, 23247, 968
4314601078, 308073, 23758, 970
4314601091, 309331, 24261, 982
4314601104, 309852, 24431, 977
4314601117, 309852, 24431, 970
4314601130, 309852, 24431, 966
4314601143, 309869, 24444, 960
4314601156, 310636, 24964, 972
4314601169, 311675, 25588, 978
4314601182, 313313, 26630, 997
4314601195, 314673, 27496, 1016
4314601208, 316143, 28484, 1028
4314601221, 317245, 29180, 1048
4314601234, 318127, 29731, 1071
4314601247, 319109, 30341, 1072
4314601260, 320450, 31239, 1085
4314601274, 321561, 32005, 1091
4314601286, 322636, 32631, 1106
4314601299, 323614, 33293, 1111
4314601312, 324866, 34072, 1135
4314601325, 326127, 34739, 1142
4314601338, 327106, 35242, 1151
4314601352, 327672, 35756, 1148
4314601364, 327975, 36195, 1145
4314601377, 328244, 36576, 1146
4314601390, 328713, 37181, 1150
4314601403, 329303, 37695, 1158
4314601416, 329814, 38179, 1159
4314601429, 330724, 38730, 1160
4314601442, 331273, 39054, 1157
4314601455, 331903, 39394, 1159
4314601468, 332525, 39719, 1162
4314601481, 333147, 39971, 1169
4314601494, 333255, 39996, 1162
4314601507, 333336, 40108, 1156
4314601520, 333455, 40243, 1154
4314601533, 333606, 40426, 1148
4314601546, 333891, 40704, 1143
4314601559, 334305, 41100, 1149
4314601572, 334533, 41358, 1146
4314601585, 335131, 41830, 1148
4314601598, 335727, 42329, 1155
4314601611, 336270, 42789, 1159
4314601624, 336779, 43182, 1165
4314601637, 337329, 43628, 1167
4314601650, 338127, 44240, 1161
4314601663, 338413, 44496, 1159
4314601676, 339111, 45109, 1174
4314601689, 339433, 45415, 1167
4314601702, 340161, 46076, 1171
4314601715, 340725, 46590, 1170
4314601728, 341315, 47035, 1170
4314601741, 341753, 47390, 1170
4314601754, 342543, 47981, 1176
4314601767, 343564, 48602, 1183
4314601780, 344084, 49008, 1179
4314601793, 345018, 49648, 1179
4314601806, 345597, 50069, 1181
4314601819, 346293, 50616, 1179
4314601832, 346978, 51202, 1186
4314601845, 347655, 51762, 1199
4314601858, 348233, 52336, 1205
4314601871, 348661, 52734, 1202
4314601884, 349319, 53274, 1199
4314601897, 349913, 53802, 1200
4314601910, 350542, 54348, 1214
4314601923, 351266, 54914, 1213
4314601936, 351770, 55324, 1227
4314601949, 352536, 55843, 1233
4314601962, 353201, 56307, 1240
4314601975, 353849, 56735, 1246
4314601988, 354126, 56944, 1244
4314602001, 354299, 57038, 1242
4314602014, 354495, 57171, 1236
4314602027, 354518, 57181, 1232
4314602040, 354518, 57181, 1225
4314602053, 354579, 57271, 1223
4314602066, 354650, 57376, 1225
4314602079, 354798, 57546, 1227
4314602092, 354924, 57682, 1222
4314602105, 355040, 57826, 1217
4314602118, 355214, 57991, 1215
4314602131, 355372, 58136, 1214
4314602144, 355598, 58389, 1218
4314602157, 355869, 58690, 1218
4314602170, 356208, 58979, 1219
4314602183, 356361, 59122, 1218
4314602196, 356680, 59379, 1214
4314602209, 356759, 59474, 1214
4314602222, 357138, 59752, 1213
4314602235, 357646, 60176, 1213
4314602248, 358218, 60657, 1219
4314602261, 358467, 60890, 1219
4314602274, 359060, 61408, 1219
4314602287, 359497, 61803, 1216
4314602300, 359986, 62250, 1220
4314602313, 360493, 62672, 1216
4314602326, 360924, 63094, 1214
4314602339, 361322, 63480, 1218
4314602352, 361717, 63865, 1216
4314602365, 361895, 64043, 1211
4314602378, 362420, 64505, 1216
4314602391, 362872, 64932, 1211
4314602404, 363219, 65237, 1211
4314602417, 363650, 65649, 1205
4314602430, 364023, 66019, 1207
4314602443, 364545, 66498, 1207
4314602456, 364994, 66914, 1203
4314602469, 365452, 67374, 1207
4314602482, 365921, 67838, 1214
4314602495, 366429, 68335, 1218
4314602508, 366777, 68693, 1214
4314602521, 367292, 69216, 1217
4314602534, 367575, 69473, 1223
4314602547, 368017, 69883, 1217
4314602560, 368517, 70390, 1214
4314602573, 368816, 70662, 1212
4314602586, 369282, 71090, 1208
4314602599, 369654, 71501, 1209
4314602612, 370066, 71909, 1209
4314602625, 370485, 72333, 1215
4314602638, 370819, 72650, 1219
4314602651, 371254, 73070, 1223
4314602664, 371451, 73256, 1221
4314602677, 371676, 73497, 1221
4314602690, 371987, 73820, 1224
4314602703, 372242, 74112, 1223
4314602716, 372527, 74419, 1228
4314602729, 372902, 74786, 1229
4314602742, 373097, 74993, 1231
4314602755, 373606, 75439, 1229
4314602768, 373850, 75674, 1228
4314602781, 374135, 75932, 1229
4314602794, 374307, 76133, 1229
4314602807, 374518, 76354, 1230
4314602820, 374692, 76548, 1228
4314602833, 374919, 76756, 1226
4314602846, 375135, 76981, 1226
4314602859, 375329, 77192, 1234
4314602872, 375498, 77394, 1230
4314602885, 375658, 77565, 1227
4314602898, 375860, 77787, 1230
4314602911, 376064, 78003, 1232
4314602924, 376326, 78294, 1236
4314602937, 376461, 78475, 1232
4314602950, 376582, 78588, 1230
4314602963, 376802, 78787, 1227
4314602976, 377156, 79102, 1232
4314602989, 377285, 79226, 1227
4314603002, 377312, 79263, 1223
4314603015, 377317, 79272, 1219
4314603028, 377445, 79402, 1215
4314603041, 377658, 79663, 1215
4314603054, 377914, 79939, 1211
4314603067, 378200, 80265, 1214
4314603080, 378472, 80550, 1215
4314603093, 378510, 80591, 1211
4314603106, 378599, 80694, 1207
4314603119, 378734, 80844, 1204
4314603132, 378824, 80959, 1204
4314603145, 379126, 81292, 1208
4314603158, 379448, 81611, 1212
4314603171, 379735, 81938, 1209
4314603184, 379854, 82101, 1210
4314603197, 379900, 82146, 1206
4314603210, 380267, 82513, 1211
4314603223, 380475, 82755, 1207
4314603236, 380844, 83169, 1209
4314603249, 381055, 83424, 1215
4314603262, 381323, 83786, 1216
4314603275, 381515, 84013, 1213
4314603288, 381781, 84312, 1209
4314603301, 382119, 84673, 1213
4314603314, 382350, 84950, 1215
4314603327, 382623, 85247, 1212
4314603340, 382963, 85622, 1213
4314603353, 383232, 85952, 1210
4314603366, 383583, 86291, 1207
4314603379, 383857, 86579, 1207
4314603392, 384062, 86788, 1204
4314603405, 384381, 87164, 1202
4314603418, 384584, 87408, 1200
4314603431, 385002, 87870, 1198
4314603444, 385217, 88117, 1197
4314603457, 385596, 88462, 1193
4314603470, 385733, 88618, 1193
4314603483, 385938, 88857, 1190
4314603496, 386217, 89192, 1192
4314603509, 386541, 89553, 1188
4314603522, 386786, 89846, 1187
4314603535, 387005, 90066, 1186
4314603548, 387279, 90393, 1181
4314603561, 387659, 90832, 1186
4314603574, 388013, 91176, 1187
4314603587, 388251, 91413, 1185
4314603600, 388627, 91811, 1183
4314603613, 388896, 92141, 1182
4314603626, 389215, 92505, 1188
4314603639, 389397, 92730, 1187
4314603652, 389541, 92885, 1183
4314603665, 389743, 93127, 1188
4314603678, 390047, 93488, 1185
4314603691, 390266, 93750, 1188
4314603704, 390543, 94098, 1183
4314603717, 390710, 94286, 1183
4314603730, 390883, 94472, 1182
4314603743, 391127, 94760, 1180
4314603756, 391443, 95045, 1177
4314603769, 391680, 95341, 1174
4314603782, 391975, 95672, 1172
4314603795, 392059, 95752, 1171
4314603808, 392267, 95950, 1169
4314603821, 392600, 96313, 1173
4314603834, 392898, 96619, 1170
4314603847, 392992, 96719, 1170
4314603860, 393296, 97058, 1172
4314603873, 393500, 97315, 1171
4314603886, 393749, 97574, 1171
4314603899, 393823, 97644, 1164
4314603912, 394079, 97916, 1164
4314603925, 394186, 98060, 1160
4314603938, 394451, 98347, 1163
4314603951, 394576, 98503, 1162
4314603964, 394791, 98745, 1160
4314603977, 394955, 98928, 1159
4314603990, 395043, 99038, 1156
4314604003, 395253, 99303, 1156
4314604016, 395370, 99452, 1152
4314604029, 395493, 99618, 1149
4314604042, 395577, 99739, 1147
4314604055, 395649, 99814, 1145
4314604068, 395806, 100024, 1144
4314604081, 395987, 100223, 1142
4314604094, 396101, 100366, 1139
4314604107, 396169, 100470, 1136
4314604120, 396259, 100591, 1136
4314604133, 396352, 100689, 1132
4314604146, 396503, 100863, 1131
4314604159, 396691, 101080, 1133
4314604172, 396787, 101185, 1132
4314604185, 396859, 101294, 1129
4314604198, 397018, 101465, 1125
4314604211, 397232, 101711, 1126
4314604224, 397392, 101897, 1125
4314604237, 397616, 102135, 1123
4314604250, 397757, 102293, 1126
4314604263, 398117, 102624, 1129
4314604276, 398241, 102822, 1124
4314604289, 398386, 102992, 1122
4314604302, 398717, 103385, 1121
4314604315, 398928, 103644, 1120
4314604328, 399282, 104007, 1122
4314604341, 399567, 104350, 1124
4314604354, 399760, 104556, 1124
4314604367, 399858, 104656, 1122
4314604380, 400119, 104975, 1123
4314604393, 400233, 105110, 1121
4314604406, 400503, 105388, 1120
4314604419, 400636, 105560, 1120
4314604432, 400845, 105789, 1116
4314604445, 401050, 106021, 1119
4314604458, 401329, 106324, 1119
4314604471, 401569, 106571, 1117
4314604484, 401687, 106739, 1114
4314604497, 401935, 107038, 1115
4314604510, 402001, 107128, 1110
4314604523, 402248, 107439, 1109
4314604536, 402446, 107702, 1110
4314604549, 402614, 107916, 1110
4314604562, 402746, 108086, 1109
4314604575, 403079, 108507, 1108
4314604588, 403343, 108799, 1111
4314604601, 403480, 108940, 1111
4314604614, 403575, 109040, 1110
4314604627, 403872, 109339, 1113
4314604640, 403950, 109430, 1113
4314604653, 404061, 109556, 1113
4314604666, 404303, 109852, 1116
4314604679, 404575, 110177, 1113
4314604692, 404702, 110332, 1113
4314604705, 404990, 110694, 1110
4314604718, 405050, 110781, 1110
4314604731, 405213, 110984, 1108
4314604744, 405453, 111275, 1109
4314604757, 405676, 111567, 1111
4314604770, 405721, 111622, 1107
4314604783, 405933, 111892, 1106
4314604796, 406166, 112199, 1106
4314604809, 406352, 112439, 1104
4314604822, 406405, 112496, 1102
4314604835, 406630, 112725, 1101
4314604848, 406888, 113029, 1099
4314604861, 407015, 113186, 1100
4314604874, 407052, 113228, 1098
4314604887, 407248, 113477, 1101
4314604900, 407483, 113724, 1101
4314604913, 407693, 113967, 1102
4314604926, 407773, 114054, 1101
4314604939, 407910, 114254, 1098
4314604952, 408141, 114580, 1097
4314604965, 408307, 114774, 1097
4314604978, 408449, 114940, 1096
4314604991, 408657, 115240, 1096
4314605004, 408856, 115461, 1094
4314605017, 409049, 115693, 1095
4314605030, 409073, 115717, 1092
4314605043, 409232, 115959, 1093
4314605056, 409385, 116133, 1093
4314605069, 409655, 116478, 1091
4314605082, 409716, 116555, 1092
4314605095, 409943, 116819, 1091
4314605108, 410157, 117121, 1089
4314605121, 410366, 117333, 1089
4314605134, 410409, 117392, 1088
4314605147, 410502, 117514, 1087
4314605160, 410639, 117682, 1087
4314605173, 410806, 117919, 1087
4314605186, 410912, 118038, 1088
4314605199, 411047, 118196, 1088
4314605212, 411262, 118481, 1088
4314605225, 411445, 118735, 1087
4314605238, 411537, 118833, 1088
4314605251, 411655, 118985, 1086
4314605264, 411750, 119122, 1083
4314605277, 411944, 119344, 1082
4314605290, 412049, 119470, 1079
4314605303, 412223, 119635, 1078
4314605316, 412325, 119754, 1078
4314605329, 412374, 119818, 1075
4314605342, 412572, 120052, 1075
4314605355, 412796, 120319, 1077
4314605368, 412951, 120511, 1076
4314605381, 412985, 120556, 1072
4314605394, 413072, 120680, 1070
4314605407, 413288, 120920, 1074
4314605420, 413478, 121176, 1074
4314605433, 413529, 121228, 1074
4314605446, 413715, 121464, 1074
4314605459, 413820, 121586, 1071
4314605472, 413975, 121829, 1068
4314605485, 414083, 122003, 1067
4314605498, 414219, 122177, 1070
4314605511, 414267, 122245, 1066
4314605524, 414321, 122321, 1066
4314605537, 414466, 122498, 1065
4314605550, 414633, 122719, 1061
4314605563, 414716, 122833, 1062
4314605576, 414742, 122881, 1061
4314605589, 414890, 123036, 1062
4314605602, 415038, 123211, 1058
4314605615, 415218, 123449, 1056
4314605628, 415331, 123581, 1055
4314605641, 415380, 123651, 1053
4314605654, 415559, 123883, 1052
4314605667, 415773, 124129, 1052
4314605680, 415909, 124316, 1052
4314605693, 415963, 124385, 1049
4314605706, 416064, 124520, 1050
4314605719, 416264, 124753, 1052
4314605732, 416531, 125017, 1054
4314605745, 416585, 125085, 1051
4314605758, 416690, 125227, 1049
4314605771, 416929, 125483, 1049
4314605784, 417198, 125849, 1051
4314605797, 417231, 125906, 1049
4314605810, 417357, 126074, 1046
4314605823, 417593, 126352, 1050
4314605836, 417761, 126549, 1048
4314605849, 418021, 126851, 1047
4314605862, 418052, 126893, 1044
4314605875, 418249, 127151, 1044
4314605888, 418372, 127312, 1045
4314605901, 418465, 127422, 1044
4314605914, 418636, 127660, 1041
4314605927, 418811, 127929, 1040
4314605940, 418949, 128120, 1039
4314605953, 419011, 128183, 1038
4314605966, 419110, 128317, 1033
4314605979, 419373, 128601, 1033
4314605992, 419552, 128830, 1033
4314606005, 419590, 128883, 1030
4314606018, 419629, 128941, 1028
4314606031, 419713, 129048, 1029
4314606044, 419938, 129345, 1028
4314606057, 420135, 129536, 1028
4314606070, 420244, 129717, 1029
4314606083, 420439, 129988, 1026
4314606096, 420526, 130106, 1024
4314606109, 420529, 130115, 1023
4314606122, 420568, 130161, 1022
4314606135, 420694, 130333, 1019
4314606148, 420890, 130578, 1019
4314606161, 421098, 130839, 1019
4314606174, 421123, 130879, 1016
4314606187, 421182, 130961, 1017
4314606200, 421248, 131049, 1014
4314606213, 421418, 131289, 1012
4314606226, 421548, 131482, 1011
4314606239, 421601, 131535, 1011
4314606252, 421754, 131728, 1009
4314606265, 422011, 132017, 1011
4314606278, 422148, 132199, 1010
4314606291, 422193, 132248, 1006
4314606304, 422340, 132448, 1007
4314606317, 422546, 132703, 1006
4314606330, 422707, 132896, 1006
4314606343, 422719, 132913, 1003
4314606356, 422813, 133068, 1003
4314606369, 423032, 133320, 1004
4314606382, 423262, 133587, 1005
4314606395, 423301, 133641, 1005
4314606408, 423476, 133882, 1005
4314606421, 423503, 133915, 1000
4314606434, 423673, 134176, 1000
4314606447, 423904, 134460, 1000
4314606460, 424146, 134727, 1000
4314606473, 424251, 134846, 999
4314606486, 424443, 135102, 997
4314606499, 424693, 135366, 999
4314606512, 424945, 135645, 1000
4314606525, 424975, 135689, 998
4314606538, 425031, 135754, 998
4314606551, 425226, 136040, 997
4314606564, 425463, 136357, 997
4314606577, 425546, 136483, 997
4314606590, 425576, 136513, 997
4314606603, 425730, 136679, 993
4314606616, 425939, 136955, 996
4314606629, 426060, 137141, 998
4314606642, 426072, 137158, 995
4314606655, 426133, 137237, 993
4314606668, 426259, 137410, 994
4314606681, 426397, 137629, 995
4314606694, 426537, 137801, 994
4314606707, 426557, 137845, 993
4314606720, 426651, 137982, 991
4314606733, 426881, 138274, 991
4314606746, 427054, 138467, 989
4314606759, 427099, 138518, 986
4314606772, 427171, 138616, 986
4314606785, 427337, 138805, 986
4314606798, 427515, 139071, 988
4314606811, 427609, 139179, 987
4314606824, 427666, 139245, 985
4314606837, 427783, 139418, 984
4314606850, 427857, 139539, 983
4314606863, 427998, 139758, 982
4314606876, 428158, 139984, 980
4314606889, 428329, 140195, 980
4314606902, 428335, 140215, 981
4314606915, 428483, 140463, 981
4314606928, 428649, 140699, 978
4314606941, 428826, 140896, 976
4314606954, 428861, 140935, 976
4314606967, 428907, 141005, 976
4314606980, 429060, 141220, 976
4314606993, 429250, 141437, 978
4314607006, 429391, 141618, 977
4314607019, 429413, 141646, 977
4314607032, 429527, 141764, 974
4314607045, 429663, 141966, 975
4314607058, 429765, 142131, 974
4314607071, 429880, 142282, 973
4314607084, 429942, 142356, 970
4314607097, 430136, 142594, 967
4314607110, 430168, 142643, 967
4314607123, 430333, 142864, 969
4314607136, 430523, 143111, 969
4314607149, 430667, 143336, 969
4314607162, 430697, 143367, 965
4314607175, 430803, 143526, 967
4314607188, 431032, 143815, 968
4314607201, 431214, 144054, 970
4314607214, 431242, 144107, 968
4314607227, 431274, 144190, 967
4314607240, 431490, 144474, 966
4314607253, 431667, 144735, 966
4314607266, 431742, 144841, 965
4314607279, 431857, 145001, 966
4314607292, 431986, 145219, 966
4314607305, 432132, 145441, 964
4314607318, 432309, 145647, 964
4314607331, 432327, 145681, 963
4314607344, 432388, 145811, 962
4314607357, 432553, 146059, 963
4314607370, 432689, 146287, 960
4314607383, 432720, 146335, 958
4314607396, 432762, 146408, 957
4314607409, 432875, 146612, 956
4314607422, 433056, 146831, 954
4314607435, 433196, 147034, 954
4314607448, 433333, 147204, 952
4314607461, 433452, 147335, 953
4314607474, 433475, 147360, 950
4314607487, 433482, 147371, 949
4314607500, 433581, 147509, 949
4314607513, 433690, 147685, 947
4314607526, 433801, 147832, 949
4314607539, 433938, 148000, 946
4314607552, 433946, 148018, 945
4314607565, 434030, 148140, 946
4314607578, 434193, 148388, 949
4314607591, 434293, 148584, 950
4314607604, 434340, 148652, 947
4314607617, 434428, 148764, 946
4314607630, 434583, 148979, 946
4314607643, 434764, 149240, 945
4314607656, 434858, 149357, 946
4314607669, 434891, 149387, 945
4314607682, 435004, 149565, 943
4314607695, 435118, 149693, 944
4314607708, 435328, 149958, 945
4314607721, 435387, 150030, 945
4314607734, 435465, 150170, 943
4314607747, 435687, 150430, 943
4314607760, 435919, 150732, 946
4314607773, 435949, 150766, 944
4314607786, 436014, 150849, 943
4314607799, 436171, 151050, 942
4314607812, 436326, 151265, 942
4314607825, 436462, 151470, 939
4314607838, 436484, 151489, 938
4314607851, 436550, 151599, 938
4314607864, 436675, 151780, 939
4314607877, 436718, 151846, 940
4314607890, 436871, 152080, 937
4314607903, 437050, 152333, 937
4314607916, 437212, 152493, 937
4314607929, 437237, 152521, 937
4314607942, 437304, 152629, 935
4314607955, 437449, 152812, 935
4314607968, 437610, 153045, 934
4314607981, 437672, 153140, 935
4314607994, 437705, 153187, 934
4314608007, 437894, 153414, 934
4314608020, 438047, 153625, 932
4314608033, 438231, 153847, 931
4314608046, 438253, 153873, 931
4314608059, 438375, 154042, 933
4314608072, 438575, 154287, 935
4314608085, 438723, 154493, 935
4314608098, 438725, 154499, 933
4314608111, 438788, 154593, 931
4314608124, 438947, 154813, 930
4314608137, 439122, 155051, 931
4314608150, 439163, 155132, 931
4314608163, 439176, 155150, 930
4314608176, 439298, 155347, 928
4314608189, 439502, 155629, 928
4314608202, 439611, 155786, 929
4314608215, 439702, 155916, 929
4314608228, 439804, 156065, 929
4314608241, 439939, 156280, 928
4314608254, 440028, 156441, 926
4314608267, 440102, 156550, 927
4314608280, 440201, 156688, 925
4314608293, 440221, 156718, 924
4314608306, 440437, 156985, 926
4314608319, 440629, 157194, 926
4314608332, 440758, 157357, 925
4314608345, 440765, 157376, 925
4314608358, 440833, 157481, 923
4314608371, 440974, 157671, 924
4314608384, 441119, 157870, 927
4314608397, 441236, 158035, 925
4314608410, 441250, 158045, 925
4314608423, 441325, 158136, 925
4314608436, 441436, 158265, 925
4314608449, 441589, 158496, 925
4314608462, 441701, 158652, 925
4314608475, 441813, 158812, 923
4314608488, 441934, 158989, 923
4314608501, 442157, 159270, 926
4314608514, 442242, 159395, 926
4314608527, 442332, 159505, 926
4314608540, 442437, 159654, 926
4314608553, 442571, 159855, 921
4314608566, 442700, 160039, 922
4314608579, 442708, 160059, 921
4314608592, 442768, 160146, 921
4314608605, 442928, 160399, 924
4314608618, 443051, 160605, 922
4314608631, 443191, 160792, 920
4314608644, 443208, 160808, 919
4314608657, 443234, 160852, 920
4314608670, 443408, 161083, 921
4314608683, 443532, 161298, 922
4314608696, 443606, 161424, 923
4314608709, 443641, 161454, 919
4314608722, 443773, 161660, 919
4314608735, 443928, 161884, 920
4314608748, 444092, 162119, 922
4314608761, 444114, 162152, 922
4314608774, 444227, 162324, 925
4314608787, 444433, 162575, 920
4314608800, 444439, 162591, 919
4314608813, 444534, 162722, 919
4314608826, 444701, 162941, 921
4314608839, 444827, 163130, 923
4314608852, 444853, 163175, 923
4314608865, 444922, 163276, 916
4314608878, 445056, 163512, 916
4314608891, 445207, 163731, 917
4314608904, 445264, 163791, 918
4314608917, 445295, 163853, 918
4314608930, 445381, 164004, 918
4314608943, 445495, 164202, 914
4314608956, 445553, 164306, 913
4314608969, 445595, 164376, 913
4314608982, 445629, 164437, 913
4314608995, 445770, 164661, 912
4314609008, 445816, 164736, 912
4314609021, 445820, 164739, 907
4314609034, 445898, 164845, 906
4314609047, 446041, 165063, 907
4314609060, 446126, 165209, 906
4314609073, 446131, 165220, 906
4314609086, 446170, 165287, 905
4314609099, 446291, 165496, 904
4314609112, 446443, 165697, 905
4314609125, 446546, 165834, 903
4314609138, 446552, 165845, 903
4314609151, 446561, 165856, 903
4314609164, 446600, 165896, 903
4314609177, 446705, 166026, 903
4314609190, 446775, 166136, 900
4314609203, 446839, 166238, 900
4314609216, 446969, 166421, 900
4314609229, 447004, 166477, 900
4314609242, 447039, 166528, 900
4314609255, 447160, 166705, 899
4314609268, 447301, 166888, 897
4314609281, 447431, 167104, 899
4314609294, 447454, 167137, 899
4314609307, 447493, 167197, 898
4314609320, 447592, 167327, 897
4314609333, 447726, 167521, 897
4314609346, 447865, 167725, 895
4314609359, 447966, 167840, 894
4314609372, 447982, 167859, 894
4314609385, 448030, 167919, 896
4314609398, 448169, 168144, 894
4314609411, 448317, 168367, 894
4314609424, 448399, 168501, 893
4314609437, 448406, 168509, 891
4314609450, 448484, 168642, 893
4314609463, 448600, 168833, 894
4314609476, 448695, 169002, 894
4314609489, 448822, 169170, 894
4314609502, 448847, 169204, 892
4314609515, 448863, 169229, 892
4314609528, 448999, 169446, 891
4314609541, 449121, 169631, 891
4314609554, 449231, 169817, 890
4314609567, 449236, 169839, 890
4314609580, 449258, 169871, 890
4314609593, 449329, 169989, 888
4314609606, 449442, 170141, 888
4314609619, 449554, 170311, 887
4314609632, 449648, 170471, 887
4314609645, 449652, 170478, 887
4314609658, 449695, 170538, 887
4314609671, 449724, 170574, 883
4314609684, 449860, 170767, 883
4314609697, 449973, 170966, 883
4314609710, 450103, 171145, 884
4314609723, 450103, 171148, 884
4314609736, 450150, 171223, 882
4314609749, 450257, 171426, 881
4314609762, 450404, 171626, 881
4314609775, 450503, 171799, 882
4314609788, 450513, 171811, 880
4314609801, 450529, 171844, 879
4314609814, 450611, 171955, 878
4314609827, 450758, 172122, 879
4314609840, 450900, 172316, 879
4314609853, 451016, 172459, 880
4314609866, 451023, 172475, 880
4314609879, 451035, 172494, 875
4314609892, 451110, 172606, 876
4314609905, 451214, 172750, 875
4314609918, 451304, 172901, 875
4314609931, 451391, 173028, 875
4314609944, 451461, 173123, 876
4314609957, 451565, 173262, 874
4314609970, 451618, 173346, 871
4314609983, 451722, 173486, 871
4314609996, 451815, 173648, 870
4314610009, 451946, 173821, 869
4314610022, 452010, 173893, 869
4314610035, 452020, 173905, 868
4314610048, 452021, 173910, 867
4314610061, 452113, 174046, 865
4314610074, 452302, 174273, 864
4314610087, 452422, 174441, 863
4314610100, 452464, 174521, 863
4314610113, 452564, 174674, 863
4314610126, 452629, 174746, 863
4314610139, 452718, 174876, 862
4314610152, 452747, 174932, 861
4314610165, 452756, 174947, 859
4314610178, 452759, 174962, 857
4314610191, 452768, 174984, 856
4314610204, 452777, 175014, 856
4314610217, 452818, 175125, 857
4314610230, 452889, 175331, 859
4314610243, 452953, 175493, 859
4314610256, 453006, 175672, 857
4314610269, 453083, 175850, 856
4314610282, 453172, 176028, 857
4314610295, 453263, 176237, 859
4314610308, 453330, 176401, 858
4314610321, 453436, 176616, 858
4314610334, 453524, 176816, 858
4314610347, 453616, 177015, 857
4314610360, 453711, 177206, 858
4314610373, 453815, 177406, 860
4314610386, 453928, 177638, 862
4314610399, 454093, 177898, 860
4314610412, 454211, 178110, 860
4314610425, 454330, 178336, 860
4314610438, 454456, 178554, 862
4314610451, 454589, 178767, 862
4314610464, 454726, 179004, 864
4314610477, 454855, 179235, 861
4314610490, 454974, 179408, 860
4314610503, 455155, 179639, 860
4314610516, 455309, 179860, 861
4314610529, 455474, 180085, 861
4314610542, 455530, 180152, 859
4314610555, 455541, 180175, 859
4314610568, 455602, 180281, 858
4314610581, 455604, 180287, 856
4314610594, 455615, 180304, 855
4314610607, 455678, 180402, 854
4314610620, 455767, 180542, 854
4314610633, 455880, 180740, 855
4314610646, 456009, 180901, 854
4314610659, 456095, 181054, 853
4314610672, 456216, 181238, 852
4314610685, 456317, 181392, 851
4314610698, 456378, 181484, 851
4314610711, 456392, 181507, 852
4314610724, 456462, 181596, 852
4314610737, 456598, 181766, 851
4314610750, 456714, 181972, 849
4314610763, 456742, 182015, 848
4314610776, 456753, 182039, 847
4314610789, 456837, 182188, 847
4314610802, 456977, 182397, 847
4314610815, 457111, 182578, 846
4314610828, 457233, 182732, 846
4314610841, 457239, 182737, 845
4314610854, 457247, 182753, 844
4314610867, 457269, 182798, 843
4314610880, 457405, 183003, 842
4314610893, 457503, 183185, 841
4314610906, 457652, 183380, 843
4314610919, 457697, 183449, 842
4314610932, 457713, 183470, 841
4314610945, 457723, 183489, 841
4314610958, 457739, 183524, 840
4314610971, 457872, 183692, 839
4314610984, 458006, 183884, 839
4314610997, 458136, 184090, 836
4314611010, 458181, 184169, 836
4314611023, 458275, 184316, 836
4314611036, 458349, 184408, 837
4314611049, 458361, 184428, 836
4314611062, 458381, 184460, 835
4314611075, 458464, 184579, 835
4314611088, 458556, 184734, 835
4314611101, 458652, 184888, 833
4314611114, 458709, 184961, 831
4314611127, 458735, 184999, 831
4314611140, 458846, 185216, 832
4314611153, 458972, 185384, 832
4314611166, 459034, 185479, 831
4314611179, 459093, 185547, 831
4314611192, 459218, 185735, 831
4314611205, 459227, 185747, 830
4314611218, 459281, 185818, 831
4314611231, 459434, 186036, 831
4314611244, 459570, 186226, 831
4314611257, 459648, 186330, 829
4314611270, 459704, 186423, 829
4314611283, 459799, 186559, 828
4314611296, 459823, 186587, 828
4314611309, 459927, 186750, 828
4314611322, 460002, 186879, 826
4314611335, 460093, 187021, 825
4314611348, 460097, 187026, 825
4314611361, 460101, 187029, 822
4314611374, 460104, 187031, 822
4314611387, 460116, 187045, 822
4314611400, 460149, 187082, 823
4314611413, 460167, 187127, 822
4314611426, 460188, 187155, 820
4314611439, 460312, 187317, 819
4314611452, 460423, 187487, 818
4314611465, 460480, 187570, 818
4314611478, 460488, 187583, 817
4314611491, 460489, 187588, 817
4314611504, 460497, 187597, 817
4314611517, 460516, 187618, 816
4314611530, 460522, 187630, 816
4314611543, 460548, 187662, 816
4314611556, 460634, 187771, 813
4314611569, 460771, 187937, 813
4314611582, 460846, 188036, 813
4314611595, 460857, 188053, 813
4314611608, 460881, 188089, 812
4314611621, 461007, 188236, 811
4314611634, 461154, 188424, 811
4314611647, 461224, 188527, 810
4314611660, 461226, 188535, 810
4314611673, 461249, 188557, 810
4314611686, 461295, 188640, 807
4314611699, 461336, 188704, 807
4314611712, 461408, 188833, 807
4314611725, 461444, 188873, 807
4314611738, 461522, 188967, 807
4314611751, 461554, 189005, 806
4314611764, 461627, 189095, 805
4314611777, 461627, 189098, 804
4314611790, 461707, 189201, 804
4314611803, 461816, 189332, 804
4314611816, 461909, 189443, 804
4314611829, 461923, 189463, 803
4314611842, 461956, 189514, 803
4314611855, 462078, 189668, 804
4314611868, 462169, 189806, 804
4314611881, 462298, 189969, 802
4314611894, 462353, 190023, 800
4314611907, 462353, 190025, 799
4314611920, 462359, 190040, 798
4314611933, 462416, 190113, 798
4314611946, 462509, 190205, 798
4314611959, 462588, 190315, 798
4314611972, 462680, 190458, 799
4314611985, 462792, 190599, 798
4314611998, 462948, 190756, 797
4314612011, 463059, 190916, 799
4314612024, 463148, 191061, 797
4314612037, 463270, 191215, 797
4314612050, 463379, 191331, 797
4314612063, 463525, 191528, 798
4314612076, 463649, 191717, 798
4314612089, 463780, 191896, 798
4314612102, 463896, 192059, 798
4314612115, 464056, 192280, 797
4314612128, 464187, 192470, 797
4314612141, 464358, 192680, 798
4314612154, 464535, 192902, 799
4314612167, 464709, 193098, 797
4314612180, 464879, 193296, 799
4314612193, 465029, 193516, 799
4314612206, 465178, 193705, 797
4314612219, 465333, 193883, 797
4314612232, 465492, 194083, 796
4314612245, 465606, 194250, 799
4314612258, 465740, 194425, 799
4314612271, 465868, 194602, 800
4314612284, 466016, 194789, 798
4314612297, 466181, 195004, 797
4314612310, 466342, 195236, 796
4314612323, 466483, 195440, 796
4314612336, 466612, 195658, 796
4314612349, 466741, 195860, 797
4314612362, 466881, 196056, 798
4314612375, 467053, 196275, 799
4314612388, 467201, 196503, 799
4314612401, 467315, 196662, 799
4314612414, 467316, 196669, 798
4314612427, 467356, 196727, 796
4314612440, 467557, 196997, 796
4314612453, 467722, 197220, 797
4314612466, 467850, 197437, 797
4314612479, 467985, 197653, 799
4314612492, 468125, 197866, 798
4314612505, 468225, 198031, 797
4314612518, 468350, 198179, 798
4314612531, 468500, 198403, 798
4314612544, 468630, 198588, 797
4314612557, 468746, 198762, 798
4314612570, 468879, 198949, 797
4314612583, 468986, 199093, 797
4314612596, 469104, 199305, 795
4314612609, 469249, 199481, 796
4314612622, 469373, 199653, 794
4314612635, 469528, 199868, 794
4314612648, 469662, 200093, 795
4314612661, 469768, 200258, 797
4314612674, 469856, 200433, 796
4314612687, 470006, 200655, 796
4314612700, 470147, 200848, 797
4314612713, 470275, 201063, 797
4314612726, 470432, 201277, 796
4314612739, 470531, 201465, 795
4314612752, 470654, 201665, 794
4314612765, 470726, 201792, 794
4314612778, 470736, 201807, 794
4314612791, 470774, 201877, 793
4314612804, 470810, 201934, 794
4314612817, 470886, 202042, 793
4314612830, 470994, 202234, 791
4314612843, 471105, 202396, 791
4314612856, 471191, 202520, 791
4314612869, 471307, 202666, 789
4314612882, 471402, 202841, 788
4314612895, 471495, 202978, 788
4314612908, 471539, 203051, 788
4314612921, 471609, 203164, 789
4314612934, 471641, 203223, 789
4314612947, 471718, 203343, 787
4314612960, 471817, 203505, 787
4314612973, 471934, 203646, 786
4314612986, 471987, 203725, 786
4314612999, 472120, 203919, 786
4314613012, 472162, 203970, 786
4314613025, 472289, 204161, 787
4314613038, 472310, 204185, 786
4314613051, 472374, 204290, 786
4314613064, 472467, 204433, 785
4314613077, 472595, 204607, 783
4314613090, 472606, 204637, 783
4314613103, 472632, 204680, 783
4314613116, 472749, 204856, 783
4314613129, 472867, 205047, 782
4314613142, 473009, 205263, 783
4314613155, 473144, 205487, 784
4314613168, 473188, 205542, 784
4314613181, 473222, 205600, 784
4314613194, 473290, 205694, 783
4314613207, 473388, 205863, 784
4314613220, 473537, 206073, 784
4314613233, 473668, 206279, 785
4314613246, 473739, 206361, 784
4314613259, 473783, 206439, 783
4314613272, 473896, 206620, 782
4314613285, 473998, 206797, 782
4314613298, 474162, 206995, 782
4314613311, 474179, 207018, 782
4314613324, 474183, 207024, 781
4314613337, 474268, 207141, 783
4314613350, 474407, 207376, 783
4314613363, 474525, 207561, 782
4314613376, 474634, 207755, 782
4314613389, 474762, 207967, 783
4314613402, 474787, 208015, 783
4314613415, 474791, 208021, 781
4314613428, 474854, 208106, 782
4314613441, 474983, 208313, 783
4314613454, 475094, 208490, 783
4314613467, 475221, 208673, 783
4314613480, 475274, 208734, 782
4314613493, 475403, 208917, 782
4314613506, 475436, 208953, 781
4314613519, 475518, 209100, 779
4314613532, 475663, 209322, 780
4314613545, 475786, 209518, 780
4314613558, 475795, 209535, 780
4314613571, 475829, 209630, 780
4314613584, 475951, 209815, 781
4314613597, 476085, 210028, 779
4314613610, 476121, 210084, 779
4314613623, 476143, 210117, 778
4314613636, 476231, 210248, 778
4314613649, 476361, 210435, 777
4314613662, 476488, 210617, 777
4314613675, 476568, 210742, 778
4314613688, 476576, 210756, 777
4314613701, 476609, 210825, 777
4314613714, 476714, 210994, 779
4314613727, 476860, 211201, 777
4314613740, 476965, 211367, 777
4314613753, 477017, 211449, 778
4314613766, 477033, 211484, 778
4314613779, 477141, 211698, 777
4314613792, 477225, 211848, 778
4314613805, 477368, 212048, 780
4314613818, 477379, 212079, 779
4314613831, 477406, 212106, 779
4314613844, 477480, 212249, 779
4314613857, 477590, 212420, 780
4314613870, 477762, 212613, 779
4314613883, 477836, 212721, 779
4314613896, 477838, 212727, 779
4314613909, 477911, 212848, 777
4314613922, 478000, 212991, 777
4314613935, 478128, 213167, 777
4314613948, 478209, 213299, 775
4314613961, 478260, 213372, 774
4314613974, 478279, 213403, 774
4314613987, 478386, 213580, 775
4314614000, 478453, 213715, 775
4314614013, 478615, 213890, 774
4314614026, 478712, 214023, 774
4314614039, 478717, 214029, 772
4314614052, 478764, 214123, 771
4314614065, 478877, 214304, 770
4314614078, 478994, 214473, 770
4314614091, 479079, 214644, 770
4314614104, 479108, 214693, 770
4314614117, 479142, 214735, 770
4314614130, 479237, 214866, 770
4314614143, 479374, 215059, 769
4314614156, 479500, 215244, 770
4314614169, 479569, 215338, 770
4314614182, 479604, 215436, 770
4314614195, 479699, 215572, 769
4314614208, 479834, 215770, 768
4314614221, 479989, 216003, 770
4314614234, 480000, 216020, 768
4314614247, 480016, 216040, 767
4314614260, 480102, 216161, 766
4314614273, 480244, 216348, 766
4314614286, 480354, 216523, 768
4314614299, 480448, 216662, 768
4314614312, 480474, 216717, 766
4314614325, 480629, 216932, 766
4314614338, 480745, 217118, 766
4314614351, 480882, 217317, 765
4314614364, 480897, 217336, 765
4314614377, 480922, 217381, 765
4314614390, 481023, 217533, 765
4314614403, 481131, 217712, 764
4314614416, 481223, 217876, 763
4314614429, 481283, 217985, 763
4314614442, 481296, 218011, 762
4314614455, 481348, 218086, 761
4314614468, 481443, 218245, 760
4314614481, 481553, 218431, 761
4314614494, 481657, 218594, 760
4314614507, 481710, 218677, 760
4314614520, 481726, 218701, 759
4314614533, 481775, 218759, 760
4314614546, 481843, 218885, 760
4314614559, 481937, 219049, 758
4314614572, 482051, 219213, 758
4314614585, 482067, 219244, 758
4314614598, 482188, 219419, 757
4314614611, 482207, 219459, 757
4314614624, 482296, 219576, 758
4314614637, 482408, 219746, 758
4314614650, 482524, 219924, 759
4314614663, 482610, 220046, 760
4314614676, 482717, 220216, 760
4314614689, 482739, 220242, 758
4314614702, 482832, 220389, 758
4314614715, 482851, 220439, 759
4314614728, 482913, 220531, 757
4314614741, 483038, 220752, 759
4314614754, 483161, 220944, 760
4314614767, 483277, 221127, 760
4314614780, 483398, 221306, 758
4314614793, 483412, 221335, 757
4314614806, 483469, 221421, 757
4314614819, 483607, 221633, 758
4314614832, 483740, 221828, 757
4314614845, 483802, 221931, 757
4314614858, 483857, 222018, 757
4314614871, 484010, 222240, 757
4314614884, 484162, 222408, 756
4314614897, 484286, 222586, 756
4314614910, 484315, 222624, 756
4314614923, 484336, 222662, 755
4314614936, 484486, 222910, 755
4314614949, 484582, 223094, 755
4314614962, 484727, 223302, 754
4314614975, 484746, 223317, 753
4314614988, 484767, 223348, 752
4314615001, 484791, 223400, 751
4314615014, 484907, 223585, 751
4314615027, 485026, 223773, 752
4314615040, 485143, 223951, 751
4314615053, 485201, 224034, 749
4314615066, 485205, 224052, 748
4314615079, 485240, 224112, 748
4314615092, 485359, 224290, 748
4314615105, 485454, 224423, 748
4314615118, 485566, 224601, 748
4314615131, 485628, 224692, 747
4314615144, 485633, 224698, 746
4314615157, 485682, 224779, 745
4314615170, 485739, 224892, 745
4314615183, 485824, 225030, 745
4314615196, 485887, 225144, 744
4314615209, 485988, 225291, 743
4314615222, 486048, 225374, 742
4314615235, 486055, 225381, 742
4314615248, 486082, 225446, 742
4314615261, 486180, 225580, 742
4314615274, 486228, 225685, 741
4314615287, 486327, 225819, 740
4314615300, 486419, 225979, 740
4314615313, 486469, 226034, 741
4314615326, 486487, 226062, 741
4314615339, 486568, 226197, 741
4314615352, 486649, 226327, 740
4314615365, 486776, 226536, 738
4314615378, 486890, 226711, 739
4314615391, 486950, 226805, 740
4314615404, 487061, 226980, 741
4314615417, 487067, 226987, 740
4314615430, 487068, 226988, 739
4314615443, 487080, 227005, 738
4314615456, 487137, 227094, 738
4314615469, 487287, 227303, 738
4314615482, 487394, 227469, 738
4314615495, 487408, 227496, 738
4314615508, 487492, 227621, 737
4314615521, 487565, 227723, 737
4314615534, 487665, 227884, 737
4314615547, 487773, 228051, 737
4314615560, 487877, 228251, 736
4314615573, 487888, 228262, 735
4314615586, 487920, 228317, 735
4314615599, 487996, 228463, 733
4314615612, 488104, 228637, 733
4314615625, 488208, 228811, 734
4314615638, 488320, 228984, 735
4314615651, 488332, 228997, 735
4314615664, 488376, 229068, 733
4314615677, 488462, 229222, 733
4314615690, 488571, 229417, 734
4314615703, 488669, 229580, 732
4314615716, 488700, 229616, 732
4314615729, 488730, 229654, 732
4314615742, 488821, 229793, 731
4314615755, 488921, 229949, 732
4314615768, 489023, 230093, 732
4314615781, 489137, 230292, 733
4314615794, 489147, 230314, 732
4314615807, 489158, 230335, 732
4314615820, 489229, 230458, 729
4314615833, 489337, 230608, 730
4314615846, 489479, 230827, 731
4314615859, 489572, 230971, 732
4314615872, 489584, 230987, 732
4314615885, 489675, 231119, 732
4314615898, 489770, 231266, 732
4314615911, 489875, 231463, 732
4314615924, 489967, 231623, 731
4314615937, 489987, 231659, 729
4314615950, 490076, 231799, 729
4314615963, 490200, 232029, 729
4314615976, 490350, 232246, 730
4314615989, 490390, 232327, 730
4314616002, 490390, 232333, 729
4314616015, 490423, 232371, 729
4314616028, 490503, 232511, 730
4314616041, 490607, 232675, 728
4314616054, 490726, 232864, 728
4314616067, 490802, 232958, 727
4314616080, 490815, 232970, 727
4314616093, 490833, 232979, 726
4314616106, 490838, 233001, 725
4314616119, 490910, 233124, 725
4314616132, 490992, 233305, 725
4314616145, 491082, 233461, 725
4314616158, 491168, 233637, 725
4314616171, 491265, 233819, 724
4314616184, 491370, 234001, 724
4314616197, 491461, 234133, 722
4314616210, 491575, 234319, 722
4314616223, 491693, 234505, 721
4314616236, 491851, 234756, 722
4314616249, 491964, 234981, 722
4314616262, 492073, 235178, 722
4314616275, 492097, 235225, 722
4314616288, 492187, 235356, 721
4314616301, 492247, 235440, 722
4314616314, 492263, 235461, 721
4314616327, 492333, 235606, 721
4314616340, 492377, 235674, 722
4314616353, 492433, 235770, 722
4314616366, 492513, 235910, 723
4314616379, 492612, 236065, 724
4314616392, 492692, 236196, 723
4314616405, 492773, 236335, 723
4314616418, 492815, 236407, 722
4314616431, 492923, 236566, 723
4314616444, 493050, 236760, 723
4314616457, 493187, 236965, 724
4314616470, 493220, 237029, 724
4314616483, 493241, 237070, 722
4314616496, 493330, 237226, 722
4314616509, 493475, 237427, 722
4314616522, 493588, 237614, 723
4314616535, 493653, 237728, 723
4314616548, 493664, 237742, 723
4314616561, 493680, 237787, 723
4314616574, 493740, 237861, 724
4314616587, 493854, 238053, 723
4314616600, 493943, 238226, 723
4314616613, 494071, 238396, 722
4314616626, 494080, 238413, 722
4314616639, 494106, 238458, 721
4314616652, 494199, 238614, 720
4314616665, 494339, 238796, 720
4314616678, 494445, 238984, 718
4314616691, 494497, 239087, 719
4314616704, 494506, 239110, 719
4314616717, 494576, 239210, 720
4314616730, 494702, 239396, 719
4314616743, 494819, 239576, 719
4314616756, 494927, 239733, 718
4314616769, 494973, 239795, 718
4314616782, 494975, 239802, 718
4314616795, 494976, 239805, 717
4314616808, 495000, 239859, 717
4314616821, 495098, 240046, 717
4314616834, 495224, 240224, 717
4314616847, 495330, 240382, 716
4314616860, 495331, 240387, 716
4314616873, 495400, 240463, 715
4314616886, 495490, 240618, 715
4314616899, 495569, 240778, 715
4314616912, 495683, 240965, 715
4314616925, 495724, 241046, 715
4314616938, 495732, 241058, 715
4314616951, 495762, 241120, 714
4314616964, 495846, 241296, 714
4314616977, 496015, 241525, 715
4314616990, 496100, 241686, 715
4314617003, 496121, 241708, 714
4314617016, 496151, 241772, 715
4314617029, 496277, 241986, 716
4314617042, 496378, 242168, 714
4314617055, 496481, 242312, 714
4314617068, 496483, 242321, 714
4314617081, 496531, 242385, 713
4314617094, 496604, 242519, 713
4314617107, 496700, 242670, 714
4314617120, 496790, 242829, 712
4314617133, 496809, 242874, 712
4314617146, 496867, 242999, 712
4314617159, 496872, 243015, 712
4314617172, 496938, 243118, 712
4314617185, 496954, 243140, 711
4314617198, 497063, 243309, 711
4314617211, 497156, 243481, 711
4314617224, 497273, 243627, 711
4314617237, 497295, 243663, 710
4314617250, 497381, 243798, 710
4314617263, 497411, 243831, 710
4314617276, 497473, 243948, 710
4314617289, 497533, 244086, 710
4314617302, 497652, 244260, 711
4314617315, 497773, 244470, 712
4314617328, 497897, 244680, 712
4314617341, 497906, 244692, 711
4314617354, 497946, 244802, 710
4314617367, 498090, 245015, 713
4314617380, 498214, 245221, 713
4314617393, 498263, 245306, 712
4314617406, 498277, 245325, 711
4314617419, 498284, 245329, 711
4314617432, 498302, 245363, 711
4314617445, 498333, 245397, 711
4314617458, 498374, 245466, 710
4314617471, 498458, 245589, 710
4314617484, 498544, 245736, 711
4314617497, 498591, 245804, 710
4314617510, 498596, 245807, 709
4314617523, 498608, 245821, 709
4314617536, 498611, 245830, 707
4314617549, 498641, 245884, 707
4314617562, 498712, 246034, 708
4314617575, 498827, 246209, 708
4314617588, 498876, 246271, 708
4314617601, 498879, 246283, 708
4314617614, 498886, 246293, 707
4314617627, 498946, 246398, 706
4314617640, 499084, 246569, 705
4314617653, 499210, 246714, 704
4314617666, 499296, 246874, 704
4314617679, 499395, 247019, 703
4314617692, 499507, 247197, 702
4314617705, 499674, 247404, 702
4314617718, 499778, 247582, 702
4314617731, 499918, 247815, 703
4314617744, 500062, 248045, 704
4314617757, 500169, 248243, 703
4314617770, 500320, 248464, 702
4314617783, 500428, 248688, 702
4314617796, 500560, 248876, 704
4314617809, 500710, 249102, 704
4314617822, 500826, 249314, 704
4314617835, 500934, 249521, 703
4314617848, 501025, 249707, 703
4314617861, 501187, 249932, 702
4314617874, 501244, 250034, 700
4314617887, 501379, 250234, 700
4314617900, 501502, 250420, 699
4314617913, 501590, 250554, 700
4314617926, 501590, 250560, 700
4314617939, 501617, 250610, 700
4314617952, 501682, 250746, 700
4314617965, 501757, 250852, 700
4314617978, 501834, 250994, 698
4314617991, 501955, 251168, 698
4314618004, 502013, 251264, 698
4314618017, 502015, 251279, 698
4314618030, 502015, 251281, 697
4314618043, 502046, 251326, 697
4314618056, 502120, 251458, 696
4314618069, 502210, 251591, 696
4314618082, 502298, 251719, 696
4314618095, 502381, 251857, 696
4314618108, 502407, 251902, 696
4314618121, 502469, 251992, 696
4314618134, 502563, 252167, 695
4314618147, 502673, 252332, 696
4314618160, 502778, 252518, 696
4314618173, 502906, 252700, 695
4314618186, 429610, 215256, 595
4314618199, 429723, 215421, 595
4314618212, 429807, 215557, 596
4314618225, 429931, 215732, 597
4314618238, 430031, 215878, 597
4314618251, 430196, 216097, 597
4314618264, 430324, 216284, 597
4314618277, 430454, 216420, 598
4314618290, 430642, 216621, 599
4314618303, 430783, 216765, 600
4314618316, 430919, 216938, 600
4314618329, 431111, 217160, 600
4314618342, 431246, 217323, 599
4314618355, 431406, 217504, 599
4314618368, 431511, 217657, 599
4314618381, 431704, 217860, 599
4314618394, 431863, 218032, 598
4314618407, 432020, 218196, 598
4314618420, 432236, 218390, 599
4314618433, 432418, 218575, 600
4314618446, 359165, 181462, 489
4314618459, 359338, 181616, 490
4314618472, 359548, 181797, 489
4314618485, 359711, 181945, 489
4314618498, 359905, 182110, 489
4314618511, 360159, 182295, 489
4314618524, 360334, 182443, 491
4314618537, 360512, 182598, 490
4314618550, 360646, 182709, 490
4314618563, 360823, 182878, 489
4314618576, 360996, 183019, 488
4314618589, 361135, 183120, 489
4314618602, 361302, 183249, 489
4314618615, 361483, 183379, 489
4314618628, 361674, 183536, 491
4314618641, 361829, 183643, 491
4314618654, 362006, 183790, 491
4314618667, 362196, 183957, 491
4314618680, 362428, 184135, 491
4314618693, 362628, 184289, 491
4314618706, 362817, 184442, 491
4314618719, 363053, 184621, 491
4314618732, 363291, 184777, 493
4314618745, 363534, 184924, 493
4314618758, 363733, 185049, 491
4314618771, 363892, 185166, 490
4314618784, 364054, 185288, 490
4314618797, 364315, 185435, 490
4314618810, 364617, 185604, 491
4314618823, 364963, 185790, 493
4314618836, 365208, 185926, 493
4314618849, 365457, 186094, 493
4314618862, 365676, 186245, 493
4314618875, 366092, 186495, 493
4314618888, 366514, 186687, 493
4314618901, 366857, 186833, 494
4314618914, 367176, 186992, 495
4314618927, 367437, 187119, 495
4314618940, 367731, 187272, 495
4314618953, 367894, 187354, 495
4314618966, 368095, 187468, 492
4314618979, 368333, 187564, 491
4314618992, 368665, 187732, 492
4314619005, 368964, 187887, 492
4314619018, 369238, 188012, 492
4314619031, 369428, 188119, 493
4314619044, 369713, 188241, 494
4314619057, 369935, 188338, 493
4314619070, 370378, 188502, 493
4314619083, 370686, 188608, 493
4314619096, 371000, 188738, 493
4314619109, 371304, 188853, 493
4314619122, 371640, 188960, 493
4314619135, 371875, 189062, 493
4314619148, 372306, 189195, 494
4314619161, 372567, 189294, 494
4314619174, 372921, 189413, 492
4314619187, 373309, 189552, 492
4314619200, 373719, 189697, 493
4314619213, 299467, 151349, 396
4314619226, 299906, 151501, 396
4314619239, 300183, 151605, 395
4314619252, 300607, 151734, 396
4314619265, 300736, 151774, 395
4314619278, 300736, 151774, 395
4314619291, 300952, 151837, 395
4314619304, 301221, 151916, 395
4314619317, 301672, 152044, 395
4314619330, 301914, 152134, 395
4314619343, 302217, 152249, 395
4314619356, 302495, 152359, 395
4314619369, 302790, 152443, 397
4314619382, 227314, 114387, 291
4314619395, 227511, 114452, 291
4314619408, 227723, 114499, 290
4314619421, 227967, 114568, 290
4314619434, 228259, 114639, 290
4314619447, 228537, 114707, 290
4314619460, 228576, 114713, 289
4314619473, 228576, 114713, 289
4314619486, 152716, 76480, 198
4314619499, 152716, 76480, 198
4314619512, 152716, 76480, 198
4314619525, 152716, 76480, 198
4314619538, 152716, 76480, 198
4314619551, 152716, 76480, 198
4314619564, 152716, 76480, 198
4314619577, 152716, 76480, 197
4314619590, 152716, 76480, 197
4314619603, 152716, 76480, 197
4314619616, 152716, 76480, 197
4314619629, 152775, 76494, 200
4314619642, 76709, 38123, 97
4314619655, 76709, 38123, 97
4314619668, 76709, 38123, 97
4314619681, 76709, 38123, 97
4314619694, 76709, 38123, 97
