4313925692, 35830, 1, 77
4313925705, 57977, 1, 70
4313925718, 57977, 1, 49
4313925731, 57977, 1, 37
4313925744, 57977, 1, 31
4313925757, 57977, 1, 26
4313925770, 57977, 1, 22
4313925783, 57977, 1, 19
4313925796, 57977, 1, 17
4313925809, 57977, 1, 15
4313925822, 57977, 1, 14
4313925835, 57977, 1, 13
4313925848, 57977, 1, 11
4313925861, 57977, 1, 11
4313925874, 57977, 1, 10
4313925887, 57977, 1, 9
4313925900, 57977, 1, 9
4313925913, 57977, 1, 9
4313925926, 57977, 1, 7
4313925939, 61761, 1, 8
4313925952, 72982, 1, 8
4313925965, 104925, 1, 12
4313925978, 104925, 1, 11
4313925991, 104925, 1, 11
4313926004, 104925, 1, 11
4313926017, 104925, 1, 10
4313926030, 104925, 1, 10
4313926043, 104925, 1, 10
4313926056, 104925, 1, 9
4313926069, 104925, 1, 9
4313926082, 104925, 1, 8
4313926095, 104925, 1, 8
4313926108, 104925, 1, 7
4313926121, 104925, 1, 7
4313926134, 104925, 1, 7
4313926147, 104925, 1, 7
4313926160, 104925, 1, 7
4313926173, 104925, 1, 7
4313926186, 104925, 1, 6
4313926199, 113998, 1, 7
4313926212, 113998, 1, 7
4313926225, 144877, 1, 9
4313926238, 144877, 1, 9
4313926251, 144877, 1, 9
4313926264, 144877, 1, 8
4313926277, 144877, 1, 7
4313926290, 144877, 1, 7
4313926303, 144877, 1, 7
4313926316, 144877, 1, 7
4313926329, 144877, 1, 7
4313926342, 144877, 1, 7
4313926355, 144877, 1, 7
4313926368, 144877, 1, 6
4313926381, 144877, 1, 6
4313926394, 144877, 1, 6
4313926407, 144877, 1, 6
4313926420, 144877, 1, 6
4313926433, 144877, 1, 6
4313926446, 150559, 1, 6
4313926459, 153612, 1, 6
4313926472, 153612, 1, 6
4313926485, 179101, 1, 7
4313926498, 179101, 1, 7
4313926511, 179101, 1, 7
4313926524, 179101, 1, 7
4313926537, 179101, 1, 6
4313926550, 179101, 1, 6
4313926563, 179101, 1, 6
4313926576, 179101, 1, 6
4313926589, 179101, 1, 6
4313926602, 179101, 1, 6
4313926615, 179101, 1, 6
4313926628, 179101, 1, 6
4313926641, 179101, 1, 6
4313926654, 179101, 1, 6
4313926667, 179101, 1, 6
4313926680, 179101, 1, 6
4313926693, 179101, 1, 6
4313926706, 187543, 1, 5
4313926719, 187543, 1, 5
4313926732, 187543, 1, 5
4313926745, 208837, 1, 6
4313926758, 208837, 1, 6
4313926771, 208837, 1, 6
4313926784, 208837, 1, 6
4313926797, 208837, 1, 6
4313926810, 208837, 1, 6
4313926823, 208837, 1, 6
4313926836, 208837, 1, 6
4313926849, 208837, 1, 6
4313926862, 208837, 1, 5
4313926875, 208837, 1, 5
4313926888, 208837, 1, 5
4313926901, 208837, 1, 5
4313926914, 208837, 1, 5
4313926927, 208837, 1, 5
4313926940, 208837, 1, 5
4313926953, 213055, 1, 5
4313926966, 216929, 1, 5
4313926979, 216929, 1, 5
4313926992, 216929, 1, 5
4313927005, 225947, 114, 5
4313927018, 228531, 262, 5
4313927031, 228531, 262, 5
4313927044, 231507, 410, 6
4313927057, 234351, 563, 6
4313927070, 234351, 563, 6
4313927083, 234839, 591, 6
4313927096, 234839, 591, 5
4313927109, 234839, 591, 5
4313927122, 234839, 591, 5
4313927135, 234839, 591, 5
4313927148, 234839, 591, 5
4313927161, 234839, 591, 5
4313927174, 234839, 591, 5
4313927187, 234839, 591, 5
4313927200, 234839, 591, 5
4313927213, 238137, 720, 5
4313927226, 242662, 909, 5
4313927239, 242662, 909, 5
4313927252, 242662, 909, 5
4313927265, 242662, 909, 5
4313927278, 242662, 909, 5
4313927291, 242662, 909, 5
4313927304, 242662, 909, 5
4313927317, 242662, 909, 5
4313927330, 242662, 909, 5
4313927343, 245032, 1298, 5
4313927356, 247068, 1648, 5
4313927369, 248773, 2010, 5
4313927382, 250412, 2393, 5
4313927395, 251837, 2766, 5
4313927408, 252814, 3001, 6
4313927421, 254067, 3323, 6
4313927434, 255442, 3664, 6
4313927447, 256858, 3976, 6
4313927460, 257994, 4189, 6
4313927473, 259519, 4449, 6
4313927486, 262677, 4746, 6
4313927499, 266707, 5061, 6
4313927512, 267091, 5078, 6
4313927525, 267091, 5078, 6
4313927538, 267091, 5078, 6
4313927551, 267091, 5078, 6
4313927564, 267091, 5078, 6
4313927577, 267091, 5078, 6
4313927590, 267091, 5078, 6
4313927603, 267091, 5078, 6
4313927616, 267091, 5078, 6
4313927629, 267091, 5078, 6
4313927642, 267091, 5078, 5
4313927655, 267091, 5078, 5
4313927668, 267091, 5078, 5
4313927681, 267091, 5078, 5
4313927694, 267091, 5078, 5
4313927707, 267091, 5078, 5
4313927720, 267091, 5078, 5
4313927733, 268231, 5409, 5
4313927746, 269484, 5826, 6
4313927759, 272172, 6325, 6
4313927772, 276355, 6698, 6
4313927785, 278622, 6974, 5
4313927798, 279554, 7365, 6
4313927811, 280584, 7770, 6
4313927824, 281618, 8179, 6
4313927837, 282173, 8384, 6
4313927850, 282679, 8601, 6
4313927863, 284051, 9141, 6
4313927876, 284509, 9321, 6
4313927889, 285344, 9659, 6
4313927902, 286310, 10039, 6
4313927915, 287219, 10468, 6
4313927928, 287938, 10770, 6
4313927941, 288909, 11231, 6
4313927954, 289731, 11569, 6
4313927967, 290737, 11963, 6
4313927980, 291912, 12397, 6
4313927993, 292701, 12672, 6
4313928006, 292701, 12672, 6
4313928019, 292701, 12672, 6
4313928032, 292787, 12686, 6
4313928045, 294848, 12955, 6
4313928058, 296862, 13212, 6
4313928071, 299039, 13465, 6
4313928084, 299313, 13505, 6
4313928097, 300056, 13586, 6
4313928110, 300056, 13586, 6
4313928123, 300056, 13586, 6
4313928136, 300056, 13586, 6
4313928149, 300056, 13586, 6
4313928162, 300056, 13586, 6
4313928175, 300056, 13586, 6
4313928188, 300056, 13586, 6
4313928201, 300056, 13586, 6
4313928214, 300056, 13586, 6
4313928227, 300056, 13586, 6
4313928240, 300227, 13645, 6
4313928253, 300886, 13931, 6
4313928266, 301548, 14238, 6
4313928279, 302032, 14459, 6
4313928292, 302638, 14755, 6
4313928305, 302999, 14926, 6
4313928318, 303727, 15295, 6
4313928331, 304318, 15599, 6
4313928344, 305135, 15886, 6
4313928357, 306565, 16298, 6
4313928370, 308748, 16809, 6
4313928383, 309809, 17076, 6
4313928396, 311343, 17439, 6
4313928409, 312775, 17833, 6
4313928422, 314089, 18179, 6
4313928435, 315125, 18655, 6
4313928448, 315754, 19016, 6
4313928461, 316482, 19428, 6
4313928474, 316957, 19704, 6
4313928487, 317485, 19987, 6
4313928500, 318170, 20436, 7
4313928513, 318767, 20798, 7
4313928526, 319148, 21025, 7
4313928539, 319724, 21374, 7
4313928552, 320344, 21773, 7
4313928565, 320714, 22015, 7
4313928578, 321222, 22332, 7
4313928591, 321656, 22584, 7
4313928604, 322233, 22897, 7
4313928617, 322952, 23315, 7
4313928630, 323341, 23497, 7
4313928643, 323908, 23809, 7
4313928656, 324440, 24076, 7
4313928669, 324828, 24299, 7
4313928682, 325370, 24522, 7
4313928695, 326418, 24716, 7
4313928708, 327785, 24982, 7
4313928721, 329087, 25227, 7
4313928734, 329976, 25399, 7
4313928747, 330820, 25549, 7
4313928760, 331795, 25734, 7
4313928773, 332008, 25771, 7
4313928786, 332008, 25771, 7
4313928799, 332008, 25771, 7
4313928812, 332008, 25771, 7
4313928825, 332008, 25771, 7
4313928838, 332008, 25771, 7
4313928851, 332008, 25771, 7
4313928864, 332008, 25771, 6
4313928877, 332008, 25771, 6
4313928890, 332008, 25771, 6
4313928903, 332008, 25771, 6
4313928916, 332008, 25771, 6
4313928929, 332008, 25771, 6
4313928942, 332439, 26079, 6
4313928955, 332797, 26310, 6
4313928968, 332877, 26354, 6
4313928981, 332877, 26354, 6
4313928994, 332877, 26354, 6
4313929007, 332950, 26432, 6
4313929020, 333872, 26737, 6
4313929033, 334586, 26999, 6
4313929046, 335419, 27254, 6
4313929059, 335940, 27478, 6
4313929072, 337218, 27848, 6
4313929085, 338324, 28186, 6
4313929098, 338921, 28403, 6
4313929111, 339632, 28631, 6
4313929124, 340717, 29016, 6
4313929137, 341746, 29269, 6
4313929150, 342166, 29456, 6
4313929163, 342412, 29705, 6
4313929176, 342660, 29937, 6
4313929189, 342904, 30171, 6
4313929202, 343164, 30412, 6
4313929215, 343461, 30639, 6
4313929228, 343618, 30783, 6
4313929241, 343811, 30928, 6
4313929254, 343998, 31077, 6
4313929267, 344148, 31225, 6
4313929280, 344325, 31372, 6
4313929293, 344594, 31587, 6
4313929306, 344691, 31670, 6
4313929319, 344957, 31900, 6
4313929332, 345290, 32170, 6
4313929345, 345552, 32402, 6
4313929358, 345932, 32711, 6
4313929371, 346235, 32932, 6
4313929384, 346463, 33115, 6
4313929397, 346874, 33367, 7
4313929410, 347260, 33546, 7
4313929423, 347621, 33726, 7
4313929436, 348373, 34100, 7
4313929449, 348998, 34336, 7
4313929462, 349644, 34545, 7
4313929475, 350245, 34770, 6
4313929488, 351159, 35059, 7
4313929501, 351536, 35186, 6
4313929514, 352167, 35408, 6
4313929527, 352638, 35584, 6
4313929540, 353205, 35820, 6
4313929553, 353538, 35918, 6
4313929566, 354053, 36113, 6
4313929579, 354559, 36252, 6
4313929592, 355426, 36518, 6
4313929605, 355463, 36549, 6
4313929618, 355544, 36643, 6
4313929631, 355663, 36754, 6
4313929644, 355830, 36903, 6
4313929657, 355981, 37021, 6
4313929670, 356052, 37094, 6
4313929683, 356156, 37170, 6
4313929696, 356375, 37368, 6
4313929709, 356487, 37471, 6
4313929722, 356656, 37574, 6
4313929735, 356787, 37691, 6
4313929748, 356906, 37795, 6
4313929761, 357000, 37876, 6
4313929774, 357133, 37992, 6
4313929787, 357236, 38064, 6
4313929800, 357378, 38191, 6
4313929813, 357451, 38270, 6
4313929826, 357546, 38371, 6
4313929839, 357680, 38458, 6
4313929852, 358088, 38605, 6
4313929865, 358335, 38693, 6
4313929878, 358709, 38899, 6
4313929891, 358906, 39010, 6
4313929904, 359169, 39115, 6
4313929917, 359418, 39225, 6
4313929930, 359513, 39271, 6
4313929943, 359869, 39419, 6
4313929956, 360055, 39474, 6
4313929969, 360542, 39641, 6
4313929982, 360654, 39698, 6
4313929995, 361064, 39829, 6
4313930008, 361434, 40021, 6
4313930021, 361677, 40118, 6
4313930034, 361755, 40143, 6
4313930047, 361758, 40147, 6
4313930060, 361783, 40150, 6
4313930073, 361832, 40186, 6
4313930086, 361924, 40204, 6
4313930099, 361932, 40212, 6
4313930112, 362164, 40273, 6
4313930125, 362521, 40405, 6
4313930138, 362756, 40509, 6
4313930151, 362781, 40525, 6
4313930164, 362853, 40545, 6
4313930177, 362922, 40577, 6
4313930190, 362958, 40587, 6
4313930203, 363129, 40642, 6
4313930216, 363410, 40733, 6
4313930229, 363663, 40837, 6
4313930242, 363812, 40903, 6
4313930255, 364230, 41064, 6
4313930268, 364418, 41152, 6
4313930281, 364651, 41257, 6
4313930294, 364953, 41356, 6
4313930307, 365303, 41488, 6
4313930320, 365601, 41602, 6
4313930333, 365683, 41681, 6
4313930346, 365760, 41766, 6
4313930359, 365823, 41834, 6
4313930372, 365879, 41892, 6
4313930385, 365935, 41943, 6
4313930398, 366055, 42058, 6
4313930411, 366117, 42131, 6
4313930424, 366180, 42201, 6
4313930437, 366231, 42260, 6
4313930450, 366291, 42320, 6
4313930463, 366353, 42370, 6
4313930476, 366423, 42455, 6
4313930489, 366531, 42556, 6
4313930502, 366613, 42623, 6
4313930515, 366666, 42666, 6
4313930528, 366781, 42762, 6
4313930541, 366875, 42848, 6
4313930554, 366953, 42931, 6
4313930567, 367094, 43052, 6
4313930580, 367468, 43187, 6
4313930593, 367821, 43322, 6
4313930606, 367980, 43418, 6
4313930619, 368270, 43559, 6
4313930632, 368649, 43629, 6
4313930645, 368846, 43670, 6
4313930658, 369082, 43726, 6
4313930671, 369155, 43747, 6
4313930684, 369324, 43777, 6
4313930697, 369800, 43863, 6
4313930710, 370072, 43924, 6
4313930723, 370450, 44015, 6
4313930736, 370765, 44088, 6
4313930749, 371147, 44173, 6
4313930762, 371527, 44267, 6
4313930775, 371785, 44319, 6
4313930788, 372147, 44400, 6
4313930801, 372378, 44464, 6
4313930814, 372486, 44488, 6
4313930827, 372778, 44552, 6
4313930840, 372983, 44604, 6
4313930853, 373213, 44658, 6
4313930866, 373572, 44726, 6
4313930879, 373667, 44787, 6
4313930892, 373702, 44823, 6
4313930905, 373735, 44855, 5
4313930918, 373775, 44889, 5
4313930931, 373802, 44922, 5
4313930944, 373850, 44983, 5
4313930957, 373897, 45043, 5
4313930970, 373941, 45093, 5
4313930983, 373999, 45163, 5
4313930996, 374044, 45210, 5
4313931009, 374092, 45265, 5
4313931022, 374146, 45331, 5
4313931035, 374192, 45400, 5
4313931048, 374237, 45456, 5
4313931061, 374249, 45488, 5
4313931074, 374297, 45537, 5
4313931087, 374350, 45599, 5
4313931100, 374397, 45668, 5
4313931113, 374426, 45707, 5
4313931126, 374550, 45813, 5
4313931139, 374878, 45930, 5
4313931152, 375099, 46008, 5
4313931165, 375282, 46069, 5
4313931178, 375575, 46189, 5
4313931191, 375711, 46264, 5
4313931204, 375875, 46339, 5
4313931217, 375961, 46381, 5
4313931230, 376316, 46476, 5
4313931243, 376458, 46559, 5
4313931256, 376691, 46651, 5
4313931269, 376998, 46785, 5
4313931282, 377227, 46881, 5
4313931295, 377511, 46995, 5
4313931308, 377714, 47083, 5
4313931321, 377731, 47092, 5
4313931334, 378123, 47229, 5
4313931347, 378360, 47334, 5
4313931360, 378547, 47412, 5
4313931373, 378747, 47511, 5
4313931386, 378985, 47589, 5
4313931399, 379115, 47627, 5
4313931412, 379360, 47733, 5
4313931425, 379574, 47814, 5
4313931438, 379818, 47899, 5
4313931451, 380028, 48013, 5
4313931464, 380286, 48108, 5
4313931477, 380478, 48192, 5
4313931490, 380754, 48272, 5
4313931503, 381130, 48367, 5
4313931516, 381429, 48478, 5
4313931529, 381544, 48521, 5
4313931542, 381571, 48571, 5
4313931555, 381593, 48606, 5
4313931568, 381630, 48653, 5
4313931581, 381646, 48695, 5
4313931594, 381717, 48777, 5
4313931607, 381753, 48832, 5
4313931620, 381803, 48897, 5
4313931633, 381824, 48937, 5
4313931646, 381836, 48963, 5
4313931659, 381865, 49006, 5
4313931672, 381888, 49046, 5
4313931685, 381931, 49100, 5
4313931698, 381963, 49147, 5
4313931711, 382008, 49204, 5
4313931724, 382052, 49258, 5
4313931737, 382097, 49322, 5
4313931750, 382145, 49389, 5
4313931763, 382210, 49465, 5
4313931776, 382251, 49512, 5
4313931789, 382413, 49567, 5
4313931802, 382488, 49599, 5
4313931815, 382562, 49639, 5
4313931828, 382794, 49741, 5
4313931841, 382989, 49830, 5
4313931854, 383275, 49957, 5
4313931867, 383547, 50027, 5
4313931880, 383566, 50034, 5
4313931893, 383739, 50094, 5
4313931906, 383951, 50196, 5
4313931919, 384117, 50270, 5
4313931932, 384320, 50347, 5
4313931945, 384597, 50463, 5
4313931958, 384781, 50520, 5
4313931971, 384879, 50552, 5
4313931984, 385137, 50656, 5
4313931997, 385365, 50749, 5
4313932010, 385518, 50828, 5
4313932023, 385836, 50931, 5
4313932036, 386007, 50989, 5
4313932049, 386079, 51013, 5
4313932062, 386279, 51071, 5
4313932075, 386548, 51145, 5
4313932088, 386747, 51235, 5
4313932101, 386839, 51259, 5
4313932114, 386994, 51300, 5
4313932127, 387176, 51380, 5
4313932140, 387351, 51453, 5
4313932153, 387537, 51536, 5
4313932166, 387804, 51628, 5
4313932179, 388065, 51715, 5
4313932192, 388205, 51797, 5
4313932205, 388597, 51920, 5
4313932218, 388656, 51955, 5
4313932231, 388824, 52012, 5
4313932244, 389019, 52107, 5
4313932257, 389147, 52181, 5
4313932270, 389248, 52235, 5
4313932283, 389263, 52255, 5
4313932296, 389292, 52304, 5
4313932309, 389324, 52348, 5
4313932322, 389361, 52406, 5
4313932335, 389409, 52461, 5
4313932348, 389449, 52507, 5
4313932361, 389493, 52566, 5
4313932374, 389537, 52623, 5
4313932387, 389559, 52661, 5
4313932400, 389607, 52716, 5
4313932413, 389626, 52756, 5
4313932426, 389653, 52793, 5
4313932439, 389680, 52826, 5
4313932452, 389712, 52881, 5
4313932465, 389735, 52925, 5
4313932478, 389789, 52987, 5
4313932491, 389802, 53014, 5
4313932504, 389814, 53032, 5
4313932517, 389869, 53068, 5
4313932530, 390016, 53153, 5
4313932543, 390194, 53250, 5
4313932556, 390359, 53317, 5
4313932569, 390573, 53412, 5
4313932582, 390684, 53464, 5
4313932595, 390778, 53491, 5
4313932608, 391053, 53591, 5
4313932621, 391241, 53681, 5
4313932634, 391418, 53756, 5
4313932647, 391674, 53856, 5
4313932660, 391857, 53947, 5
4313932673, 392020, 54017, 5
4313932686, 392187, 54101, 5
4313932699, 392306, 54146, 5
4313932712, 392514, 54219, 5
4313932725, 392708, 54305, 5
4313932738, 392827, 54361, 5
4313932751, 392903, 54395, 5
4313932764, 393029, 54454, 5
4313932777, 393159, 54501, 5
4313932790, 393292, 54570, 5
4313932803, 393386, 54619, 5
4313932816, 393572, 54706, 5
4313932829, 393692, 54779, 5
4313932842, 393857, 54831, 5
4313932855, 393884, 54839, 5
4313932868, 393899, 54848, 5
4313932881, 393996, 54889, 5
4313932894, 394198, 54972, 5
4313932907, 394341, 55059, 5
4313932920, 394529, 55126, 5
4313932933, 394687, 55209, 5
4313932946, 394864, 55294, 5
4313932959, 394931, 55329, 5
4313932972, 394966, 55349, 5
4313932985, 395092, 55426, 5
4313932998, 395292, 55511, 5
4313933011, 395442, 55590, 5
4313933024, 395660, 55688, 5
4313933037, 395814, 55756, 5
4313933050, 395938, 55809, 5
4313933063, 395942, 55811, 5
4313933076, 395943, 55813, 5
4313933089, 395944, 55815, 5
4313933102, 395973, 55825, 5
4313933115, 395979, 55834, 5
4313933128, 396059, 55865, 5
4313933141, 396242, 55952, 5
4313933154, 396407, 56035, 5
4313933167, 396421, 56070, 5
4313933180, 396599, 56154, 5
4313933193, 396688, 56210, 5
4313933206, 396712, 56258, 5
4313933219, 396761, 56314, 5
4313933232, 396781, 56335, 5
4313933245, 396805, 56371, 5
4313933258, 396805, 56372, 5
4313933271, 396808, 56380, 5
4313933284, 396808, 56380, 5
4313933297, 396817, 56395, 5
4313933310, 396864, 56435, 5
4313933323, 396888, 56477, 5
4313933336, 396905, 56511, 5
4313933349, 396927, 56551, 5
4313933362, 396959, 56606, 5
4313933375, 397000, 56664, 5
4313933388, 397032, 56700, 5
4313933401, 397052, 56756, 5
4313933414, 397092, 56808, 5
4313933427, 397117, 56846, 4
4313933440, 397225, 56916, 4
4313933453, 397401, 56973, 4
4313933466, 397443, 56991, 4
4313933479, 397632, 57066, 4
4313933492, 397802, 57132, 4
4313933505, 397995, 57248, 4
4313933518, 398283, 57355, 4
4313933531, 398413, 57413, 4
4313933544, 398508, 57478, 4
4313933557, 398528, 57494, 4
4313933570, 398621, 57538, 4
4313933583, 398797, 57605, 4
4313933596, 398974, 57684, 4
4313933609, 399089, 57763, 4
4313933622, 399239, 57842, 4
4313933635, 399378, 57914, 4
4313933648, 399443, 57947, 4
4313933661, 399458, 57953, 4
4313933674, 399576, 58004, 4
4313933687, 399766, 58085, 4
4313933700, 399910, 58148, 4
4313933713, 400005, 58205, 4
4313933726, 400204, 58297, 4
4313933739, 400342, 58352, 4
4313933752, 400479, 58411, 4
4313933765, 400529, 58442, 4
4313933778, 400548, 58451, 4
4313933791, 400597, 58475, 4
4313933804, 400697, 58518, 4
4313933817, 400831, 58578, 4
4313933830, 400935, 58636, 4
4313933843, 401097, 58711, 4
4313933856, 401303, 58808, 4
4313933869, 401479, 58881, 4
4313933882, 401542, 58917, 4
4313933895, 401565, 58923, 4
4313933908, 401656, 58972, 4
4313933921, 401795, 59039, 4
4313933934, 402063, 59126, 4
4313933947, 402249, 59207, 4
4313933960, 402485, 59285, 4
4313933973, 402697, 59368, 4
4313933986, 402744, 59389, 4
4313933999, 402792, 59417, 4
4313934012, 402887, 59479, 4
4313934025, 403070, 59546, 4
4313934038, 403239, 59621, 4
4313934051, 403342, 59701, 4
4313934064, 403502, 59779, 4
4313934077, 403563, 59791, 4
4313934090, 403607, 59826, 4
4313934103, 403627, 59847, 4
4313934116, 403651, 59891, 4
4313934129, 403667, 59920, 4
4313934142, 403696, 59947, 4
4313934155, 403717, 59975, 4
4313934168, 403729, 59997, 4
4313934181, 403752, 60031, 4
4313934194, 403789, 60071, 4
4313934207, 403814, 60099, 4
4313934220, 403836, 60134, 4
4313934233, 403855, 60162, 4
4313934246, 403880, 60208, 4
4313934259, 403911, 60242, 4
4313934272, 403931, 60276, 4
4313934285, 403975, 60324, 4
4313934298, 404010, 60363, 4
4313934311, 404015, 60367, 4
4313934324, 404032, 60411, 4
4313934337, 404064, 60445, 4
4313934350, 404351, 60533, 4
4313934363, 404540, 60596, 4
4313934376, 256031, 44324, 3
4313934389, 256059, 44367, 3
4313934402, 256094, 44426, 3
4313934415, 256125, 44459, 3
4313934428, 256145, 44485, 3
4313934441, 256171, 44534, 3
4313934454, 256194, 44570, 3
4313934467, 256228, 44609, 3
4313934480, 256259, 44654, 3
4313934493, 256304, 44692, 3
4313934506, 256341, 44737, 3
4313934519, 256367, 44792, 3
4313934532, 256408, 44836, 3
4313934545, 256452, 44885, 3
4313934558, 256491, 44941, 3
4313934571, 256517, 44997, 3
4313934584, 256565, 45045, 3
4313934597, 256600, 45092, 3
4313934610, 256643, 45134, 3
4313934623, 256665, 45171, 3
4313934636, 256730, 45238, 3
4313934649, 256763, 45277, 3
4313934662, 256807, 45330, 3
4313934675, 256847, 45379, 3
4313934688, 256893, 45437, 3
4313934701, 256932, 45494, 3
4313934714, 256964, 45547, 3
4313934727, 256997, 45576, 3
4313934740, 257056, 45642, 3
4313934753, 257079, 45682, 3
4313934766, 257118, 45741, 3
4313934779, 257159, 45793, 3
4313934792, 257209, 45845, 3
4313934805, 257257, 45896, 3
4313934818, 257313, 45975, 3
4313934831, 257344, 46013, 3
4313934844, 257391, 46067, 3
4313934857, 257431, 46102, 3
4313934870, 257491, 46160, 3
4313934883, 257534, 46205, 3
4313934896, 257582, 46251, 3
4313934909, 257616, 46288, 3
4313934922, 257645, 46328, 3
4313934935, 257729, 46407, 3
4313934948, 257792, 46458, 3
4313934961, 257849, 46504, 3
4313934974, 257911, 46561, 3
4313934987, 257971, 46611, 3
4313935000, 258001, 46650, 3
4313935013, 258025, 46683, 3
4313935026, 258051, 46717, 3
4313935039, 258093, 46763, 3
4313935052, 258154, 46816, 3
4313935065, 258225, 46887, 3
4313935078, 258252, 46925, 3
4313935091, 258331, 46996, 3
4313935104, 258367, 47039, 3
4313935117, 258398, 47073, 3
4313935130, 258466, 47136, 3
4313935143, 258514, 47205, 3
4313935156, 258586, 47257, 3
4313935169, 258647, 47321, 3
4313935182, 258716, 47390, 3
4313935195, 258791, 47445, 3
4313935208, 258872, 47519, 3
4313935221, 258904, 47551, 3
4313935234, 258929, 47571, 3
4313935247, 258947, 47597, 3
4313935260, 258979, 47639, 3
4313935273, 259026, 47681, 3
4313935286, 259089, 47739, 3
4313935299, 259129, 47780, 3
4313935312, 259153, 47808, 3
4313935325, 259207, 47862, 3
4313935338, 259246, 47908, 3
4313935351, 259298, 47954, 3
4313935364, 259368, 48014, 3
4313935377, 259398, 48041, 3
4313935390, 259480, 48110, 3
4313935403, 259566, 48171, 3
4313935416, 259602, 48210, 3
4313935429, 259641, 48246, 3
4313935442, 259688, 48281, 3
4313935455, 259764, 48356, 3
4313935468, 259829, 48406, 3
4313935481, 259876, 48452, 3
4313935494, 259941, 48521, 3
4313935507, 260000, 48563, 3
4313935520, 260060, 48633, 3
4313935533, 260125, 48695, 3
4313935546, 260152, 48728, 3
4313935559, 260210, 48777, 3
4313935572, 260302, 48842, 3
4313935585, 260357, 48880, 3
4313935598, 260406, 48928, 3
4313935611, 260451, 48983, 3
4313935624, 260501, 49022, 3
4313935637, 260600, 49084, 3
4313935650, 260654, 49126, 3
4313935663, 260700, 49165, 3
4313935676, 260744, 49222, 3
4313935689, 260800, 49265, 3
4313935702, 260858, 49317, 3
4313935715, 260907, 49365, 3
4313935728, 260976, 49413, 3
4313935741, 261026, 49461, 3
4313935754, 261092, 49508, 3
4313935767, 261156, 49554, 3
4313935780, 261224, 49607, 3
4313935793, 261284, 49660, 3
4313935806, 261336, 49715, 3
4313935819, 261401, 49769, 3
4313935832, 261465, 49819, 3
4313935845, 261522, 49881, 3
4313935858, 261605, 49932, 3
4313935871, 261679, 49974, 3
4313935884, 261734, 50030, 3
4313935897, 261798, 50081, 3
4313935910, 261873, 50134, 3
4313935923, 261929, 50184, 3
4313935936, 262036, 50233, 3
4313935949, 262141, 50315, 3
4313935962, 262234, 50380, 3
4313935975, 262313, 50427, 3
4313935988, 262362, 50467, 3
4313936001, 262418, 50521, 3
4313936014, 262479, 50563, 3
4313936027, 262532, 50598, 3
4313936040, 262576, 50630, 3
4313936053, 262603, 50652, 3
4313936066, 262663, 50681, 3
4313936079, 262730, 50715, 3
4313936092, 262777, 50755, 3
4313936105, 262797, 50773, 3
4313936118, 262847, 50812, 3
4313936131, 262912, 50847, 3
4313936144, 262966, 50883, 3
4313936157, 263015, 50918, 3
4313936170, 263079, 50955, 3
4313936183, 263109, 50993, 3
4313936196, 263203, 51026, 3
4313936209, 263259, 51068, 3
4313936222, 263312, 51106, 3
4313936235, 263367, 51146, 3
4313936248, 263444, 51179, 3
4313936261, 263510, 51213, 3
4313936274, 263552, 51251, 3
4313936287, 263632, 51292, 3
4313936300, 263702, 51334, 3
4313936313, 263754, 51369, 3
4313936326, 263832, 51425, 3
4313936339, 263884, 51462, 3
4313936352, 263922, 51488, 3
4313936365, 263957, 51516, 3
4313936378, 263957, 51516, 3
4313936391, 263959, 51518, 3
4313936404, 263959, 51518, 3
4313936417, 263979, 51533, 3
4313936430, 264065, 51584, 3
4313936443, 264106, 51605, 3
4313936456, 264106, 51605, 3
4313936469, 264106, 51605, 3
4313936482, 264106, 51605, 3
4313936495, 264106, 51605, 3
4313936508, 264106, 51605, 3
4313936521, 264106, 51605, 3
4313936534, 264106, 51605, 3
4313936547, 264106, 51605, 3
4313936560, 264106, 51605, 3
4313936573, 264106, 51605, 3
4313936586, 264106, 51605, 3
4313936599, 264106, 51605, 3
4313936612, 264106, 51605, 3
4313936625, 264106, 51605, 3
4313936638, 264106, 51605, 3
4313936651, 264106, 51605, 3
4313936664, 264106, 51605, 3
4313936677, 264106, 51605, 3
4313936690, 264127, 51616, 3
4313936703, 264188, 51651, 3
4313936716, 264223, 51676, 3
4313936729, 264322, 51740, 3
4313936742, 264438, 51788, 3
4313936755, 264548, 51846, 3
4313936768, 264628, 51903, 3
4313936781, 264717, 51949, 3
4313936794, 264831, 52004, 3
4313936807, 264921, 52054, 3
4313936820, 265030, 52108, 3
4313936833, 265079, 52149, 3
4313936846, 265245, 52237, 3
4313936859, 265381, 52306, 3
4313936872, 265473, 52347, 3
4313936885, 265578, 52401, 3
4313936898, 265642, 52431, 3
4313936911, 265737, 52474, 3
4313936924, 265885, 52535, 3
4313936937, 265955, 52580, 3
4313936950, 266003, 52616, 3
4313936963, 266085, 52659, 3
4313936976, 266154, 52690, 3
4313936989, 266227, 52735, 3
4313937002, 266295, 52775, 3
4313937015, 266439, 52836, 3
4313937028, 266558, 52894, 3
4313937041, 266679, 52952, 3
4313937054, 266751, 52989, 3
4313937067, 266816, 53021, 3
4313937080, 266955, 53080, 3
4313937093, 267155, 53153, 3
4313937106, 267268, 53213, 3
4313937119, 267399, 53269, 3
4313937132, 267586, 53352, 3
4313937145, 267674, 53397, 3
4313937158, 267774, 53434, 3
4313937171, 267873, 53478, 3
4313937184, 267970, 53529, 3
4313937197, 268029, 53560, 3
4313937210, 268124, 53617, 3
4313937223, 268221, 53669, 3
4313937236, 268332, 53721, 3
4313937249, 268451, 53779, 3
4313937262, 268567, 53828, 3
4313937275, 268678, 53876, 3
4313937288, 268757, 53930, 3
4313937301, 268897, 53989, 3
4313937314, 269010, 54027, 3
4313937327, 269083, 54052, 3
4313937340, 269227, 54100, 3
4313937353, 269315, 54135, 3
4313937366, 269456, 54189, 3
4313937379, 269684, 54277, 3
4313937392, 269779, 54307, 3
4313937405, 269920, 54358, 3
4313937418, 270070, 54424, 3
4313937431, 270177, 54469, 3
4313937444, 270346, 54528, 3
4313937457, 270465, 54575, 3
4313937470, 270658, 54641, 3
4313937483, 270815, 54694, 3
4313937496, 271011, 54752, 3
4313937509, 271077, 54783, 3
4313937522, 271232, 54834, 3
4313937535, 271312, 54874, 3
4313937548, 271386, 54908, 3
4313937561, 271574, 54966, 3
4313937574, 271682, 55018, 3
4313937587, 271974, 55116, 3
4313937600, 272107, 55162, 3
4313937613, 272312, 55227, 3
4313937626, 272543, 55315, 3
4313937639, 272704, 55369, 3
4313937652, 272797, 55393, 3
4313937665, 272932, 55439, 3
4313937678, 273150, 55508, 3
4313937691, 273297, 55570, 3
4313937704, 273411, 55625, 3
4313937717, 273575, 55693, 3
4313937730, 273874, 55767, 3
4313937743, 273981, 55797, 3
4313937756, 274196, 55864, 3
4313937769, 274340, 55910, 3
4313937782, 274392, 55921, 3
4313937795, 274421, 55928, 3
4313937808, 274505, 55955, 3
4313937821, 274709, 56016, 3
4313937834, 274881, 56068, 3
4313937847, 275008, 56116, 3
4313937860, 275130, 56154, 3
4313937873, 275255, 56187, 3
4313937886, 275446, 56245, 3
4313937899, 275621, 56298, 3
4313937912, 275831, 56359, 3
4313937925, 275984, 56399, 3
4313937938, 276143, 56449, 3
4313937951, 276307, 56499, 3
4313937964, 276464, 56547, 3
4313937977, 276682, 56614, 3
4313937990, 276945, 56687, 3
4313938003, 277124, 56738, 3
4313938016, 277269, 56793, 3
4313938029, 277408, 56837, 3
4313938042, 277566, 56881, 3
4313938055, 277878, 56974, 3
4313938068, 278152, 57039, 3
4313938081, 278461, 57106, 3
4313938094, 278714, 57179, 3
4313938107, 278853, 57219, 3
4313938120, 279026, 57258, 3
4313938133, 279133, 57283, 3
4313938146, 279448, 57356, 3
4313938159, 279657, 57401, 3
4313938172, 279964, 57467, 3
4313938185, 280155, 57510, 3
4313938198, 280441, 57563, 3
4313938211, 280650, 57613, 3
4313938224, 280884, 57669, 3
4313938237, 281140, 57720, 3
4313938250, 281312, 57760, 3
4313938263, 281570, 57811, 3
4313938276, 281879, 57868, 3
4313938289, 282101, 57920, 3
4313938302, 282442, 57983, 3
4313938315, 282799, 58067, 3
4313938328, 283092, 58124, 3
4313938341, 283295, 58179, 3
4313938354, 283679, 58267, 3
4313938367, 283942, 58328, 3
4313938380, 284150, 58376, 3
4313938393, 284352, 58423, 3
4313938406, 284636, 58480, 3
4313938419, 284987, 58543, 3
4313938432, 285108, 58573, 3
4313938445, 285188, 58595, 3
4313938458, 285188, 58595, 3
4313938471, 285188, 58595, 3
4313938484, 285188, 58595, 3
4313938497, 285188, 58595, 3
4313938510, 285188, 58595, 3
4313938523, 285188, 58595, 3
4313938536, 285188, 58595, 3
4313938549, 285188, 58595, 3
4313938562, 285188, 58595, 3
4313938575, 285188, 58595, 3
4313938588, 285188, 58595, 3
4313938601, 285188, 58595, 3
4313938614, 285188, 58595, 3
4313938627, 285188, 58595, 3
4313938640, 285188, 58595, 3
4313938653, 285188, 58595, 3
4313938666, 285188, 58595, 3
4313938679, 285188, 58595, 3
4313938692, 285192, 58597, 3
4313938705, 285375, 58629, 3
4313938718, 285566, 58667, 3
4313938731, 285999, 58731, 3
4313938744, 286182, 58774, 3
4313938757, 286559, 58840, 3
4313938770, 286793, 58883, 3
4313938783, 287139, 58930, 3
4313938796, 287330, 58968, 3
4313938809, 287631, 59027, 3
4313938822, 287832, 59075, 3
4313938835, 288347, 59152, 3
4313938848, 288601, 59209, 3
4313938861, 288922, 59264, 3
4313938874, 289211, 59315, 3
4313938887, 289622, 59381, 3
4313938900, 289944, 59440, 3
4313938913, 290093, 59463, 3
4313938926, 290138, 59471, 3
4313938939, 290285, 59516, 3
4313938952, 290634, 59616, 3
4313938965, 290824, 59673, 3
4313938978, 291127, 59742, 3
4313938991, 291384, 59809, 3
4313939004, 291668, 59869, 3
4313939017, 292091, 59985, 3
4313939030, 292286, 60045, 3
4313939043, 292385, 60088, 3
4313939056, 292703, 60161, 3
4313939069, 293138, 60277, 3
4313939082, 293434, 60332, 3
4313939095, 293754, 60414, 3
4313939108, 294020, 60475, 3
4313939121, 294330, 60541, 3
4313939134, 294484, 60586, 3
4313939147, 294770, 60640, 3
4313939160, 294964, 60689, 3
4313939173, 295416, 60780, 3
4313939186, 295581, 60825, 3
4313939199, 295991, 60893, 3
4313939212, 296348, 60960, 3
4313939225, 296598, 61003, 3
4313939238, 296876, 61063, 3
4313939251, 297311, 61149, 3
4313939264, 297889, 61268, 3
4313939277, 298147, 61329, 3
4313939290, 298526, 61400, 3
4313939303, 298889, 61464, 3
4313939316, 299391, 61546, 3
4313939329, 299644, 61595, 3
4313939342, 299818, 61634, 3
4313939355, 300207, 61731, 3
4313939368, 300488, 61789, 3
4313939381, 300934, 61889, 3
4313939394, 301427, 61996, 3
4313939407, 301727, 62057, 3
4313939420, 302066, 62113, 3
4313939433, 302567, 62202, 3
4313939446, 302694, 62234, 3
4313939459, 302694, 62234, 3
4313939472, 302815, 62269, 3
4313939485, 303186, 62360, 3
4313939498, 303753, 62496, 3
4313939511, 304083, 62576, 3
4313939524, 304440, 62660, 3
4313939537, 305044, 62781, 3
4313939550, 305358, 62854, 3
4313939563, 305358, 62854, 3
4313939576, 305358, 62854, 3
4313939589, 305358, 62854, 3
4313939602, 305358, 62854, 3
4313939615, 305358, 62854, 3
4313939628, 305358, 62854, 3
4313939641, 305358, 62854, 3
4313939654, 305358, 62854, 3
4313939667, 305358, 62854, 3
4313939680, 305358, 62854, 3
4313939693, 305358, 62854, 3
4313939706, 305358, 62854, 3
4313939719, 305358, 62854, 3
4313939732, 305358, 62854, 3
4313939745, 305358, 62854, 3
4313939758, 305358, 62854, 3
4313939771, 305358, 62854, 3
4313939784, 305358, 62854, 3
4313939797, 305465, 62869, 3
4313939810, 305900, 62965, 3
4313939823, 306246, 63046, 3
4313939836, 306689, 63145, 3
4313939849, 307247, 63280, 3
4313939862, 307598, 63359, 3
4313939875, 307890, 63446, 3
4313939888, 308227, 63549, 3
4313939901, 308786, 63697, 3
4313939914, 309090, 63768, 3
4313939927, 309505, 63868, 3
4313939940, 309991, 64015, 3
4313939953, 310342, 64103, 3
4313939966, 310604, 64173, 3
4313939979, 310831, 64231, 3
4313939992, 311193, 64325, 3
4313940005, 311614, 64432, 3
4313940018, 312002, 64525, 3
4313940031, 312267, 64592, 3
4313940044, 312451, 64667, 3
4313940057, 312825, 64819, 3
4313940070, 313075, 64913, 3
4313940083, 313330, 65008, 3
4313940096, 313815, 65177, 3
4313940109, 314063, 65273, 3
4313940122, 314330, 65366, 3
4313940135, 314703, 65499, 3
4313940148, 315099, 65653, 3
4313940161, 315394, 65742, 3
4313940174, 315841, 65888, 3
4313940187, 316122, 65972, 3
4313940200, 316526, 66104, 3
4313940213, 316976, 66223, 3
4313940226, 317364, 66339, 3
4313940239, 317712, 66449, 3
4313940252, 318088, 66548, 3
4313940265, 318524, 66669, 3
4313940278, 318862, 66752, 3
4313940291, 319199, 66838, 3
4313940304, 319469, 66934, 3
4313940317, 319947, 67068, 3
4313940330, 320370, 67223, 3
4313940343, 320895, 67377, 3
4313940356, 321138, 67450, 3
4313940369, 321474, 67568, 3
4313940382, 321794, 67675, 3
4313940395, 321841, 67698, 3
4313940408, 321841, 67698, 3
4313940421, 321841, 67698, 3
4313940434, 321841, 67698, 3
4313940447, 321841, 67698, 3
4313940460, 321841, 67698, 3
4313940473, 321841, 67698, 3
4313940486, 321841, 67698, 3
4313940499, 321841, 67698, 3
4313940512, 321841, 67698, 3
4313940525, 321841, 67698, 3
4313940538, 321841, 67698, 3
4313940551, 321841, 67698, 3
4313940564, 321841, 67698, 3
4313940577, 321841, 67698, 3
4313940590, 321841, 67698, 3
4313940603, 321841, 67698, 3
4313940616, 321841, 67698, 3
4313940629, 321841, 67698, 3
4313940642, 322026, 67767, 3
4313940655, 322082, 67780, 3
4313940668, 322363, 67895, 3
4313940681, 322710, 68007, 3
4313940694, 323019, 68120, 3
4313940707, 323541, 68263, 3
4313940720, 323906, 68385, 3
4313940733, 324205, 68507, 3
4313940746, 324513, 68601, 3
4313940759, 324834, 68713, 3
4313940772, 325283, 68867, 3
4313940785, 325643, 69005, 3
4313940798, 325989, 69133, 3
4313940811, 326408, 69278, 3
4313940824, 326800, 69427, 3
4313940837, 327070, 69530, 3
4313940850, 327358, 69643, 3
4313940863, 327673, 69755, 3
4313940876, 327937, 69873, 3
4313940889, 328197, 69961, 3
4313940902, 328447, 70063, 3
4313940915, 328806, 70194, 3
4313940928, 328985, 70273, 3
4313940941, 329286, 70414, 3
4313940954, 329585, 70539, 3
4313940967, 329804, 70646, 3
4313940980, 330084, 70755, 3
4313940993, 330378, 70876, 3
4313941006, 330667, 70992, 3
4313941019, 331177, 71179, 3
4313941032, 331469, 71310, 3
4313941045, 331739, 71431, 3
4313941058, 331876, 71509, 3
4313941071, 332236, 71661, 3
4313941084, 332450, 71746, 3
4313941097, 332684, 71839, 3
4313941110, 332978, 71985, 3
4313941123, 333255, 72110, 3
4313941136, 333528, 72229, 3
4313941149, 333814, 72371, 3
4313941162, 334040, 72467, 3
4313941175, 334264, 72578, 3
4313941188, 334457, 72694, 3
4313941201, 334457, 72694, 3
4313941214, 334457, 72694, 3
4313941227, 334457, 72694, 3
4313941240, 334457, 72694, 3
4313941253, 334457, 72694, 3
4313941266, 334457, 72694, 3
4313941279, 334457, 72694, 3
4313941292, 334457, 72694, 3
4313941305, 334457, 72694, 3
4313941318, 334457, 72694, 3
4313941331, 334457, 72694, 3
4313941344, 334457, 72694, 3
4313941357, 334457, 72694, 3
4313941370, 334457, 72694, 3
4313941383, 334457, 72694, 3
4313941396, 334457, 72694, 3
4313941409, 334457, 72694, 3
4313941422, 334457, 72694, 3
4313941435, 334457, 72694, 3
4313941448, 334513, 72716, 3
4313941461, 334563, 72754, 3
4313941474, 334563, 72754, 3
4313941487, 334687, 72814, 3
4313941500, 334936, 72923, 3
4313941513, 335140, 73000, 3
4313941526, 335419, 73148, 3
4313941539, 335591, 73260, 3
4313941552, 335889, 73407, 3
4313941565, 336130, 73540, 3
4313941578, 336440, 73704, 3
4313941591, 336661, 73837, 3
4313941604, 336819, 73915, 3
4313941617, 337042, 74027, 3
4313941630, 337077, 74046, 3
4313941643, 337114, 74075, 3
4313941656, 337234, 74142, 3
4313941669, 337399, 74242, 3
4313941682, 337609, 74333, 3
4313941695, 337835, 74467, 3
4313941708, 338120, 74614, 3
4313941721, 338304, 74724, 3
4313941734, 338519, 74820, 3
4313941747, 338622, 74889, 3
4313941760, 338854, 75040, 3
4313941773, 339010, 75143, 3
4313941786, 339210, 75274, 3
4313941799, 339357, 75375, 3
4313941812, 339451, 75430, 3
4313941825, 339722, 75606, 3
4313941838, 339940, 75744, 3
4313941851, 340083, 75848, 3
4313941864, 340274, 75986, 3
4313941877, 340465, 76096, 3
4313941890, 340575, 76181, 3
4313941903, 340723, 76301, 3
4313941916, 340881, 76410, 3
4313941929, 341042, 76542, 3
4313941942, 341252, 76693, 3
4313941955, 341368, 76775, 3
4313941968, 341560, 76898, 3
4313941981, 341712, 77020, 3
4313941994, 341877, 77157, 3
4313942007, 342026, 77265, 3
4313942020, 342136, 77351, 3
4313942033, 342301, 77468, 3
4313942046, 342514, 77635, 3
4313942059, 342640, 77730, 3
4313942072, 342804, 77892, 3
4313942085, 342944, 77998, 3
4313942098, 343115, 78145, 3
4313942111, 343323, 78305, 3
4313942124, 343347, 78332, 3
4313942137, 343347, 78332, 3
4313942150, 343347, 78332, 3
4313942163, 343347, 78332, 3
4313942176, 343347, 78332, 3
4313942189, 343347, 78332, 3
4313942202, 343347, 78332, 3
4313942215, 343347, 78332, 3
4313942228, 343347, 78332, 3
4313942241, 343347, 78332, 3
4313942254, 343347, 78332, 3
4313942267, 343347, 78332, 3
4313942280, 343347, 78332, 3
4313942293, 343347, 78332, 3
4313942306, 343347, 78332, 3
4313942319, 343347, 78332, 3
4313942332, 343347, 78332, 3
4313942345, 343347, 78332, 3
4313942358, 343347, 78332, 3
4313942371, 343429, 78397, 3
4313942384, 343429, 78397, 3
4313942397, 343499, 78469, 3
4313942410, 343525, 78489, 3
4313942423, 343687, 78598, 3
4313942436, 343768, 78682, 3
4313942449, 344003, 78865, 3
4313942462, 344133, 78969, 3
4313942475, 344281, 79089, 3
4313942488, 344452, 79228, 3
4313942501, 344764, 79440, 3
4313942514, 344860, 79542, 3
4313942527, 345045, 79696, 3
4313942540, 345207, 79853, 3
4313942553, 345377, 80011, 3
4313942566, 345568, 80212, 3
4313942579, 345713, 80362, 3
4313942592, 345839, 80462, 3
4313942605, 345941, 80545, 3
4313942618, 346134, 80726, 3
4313942631, 346303, 80863, 3
4313942644, 346446, 81006, 3
4313942657, 346778, 81312, 3
4313942670, 346945, 81483, 3
4313942683, 347108, 81637, 3
4313942696, 347329, 81838, 3
4313942709, 347456, 81974, 3
4313942722, 347493, 82029, 3
4313942735, 347571, 82105, 3
4313942748, 347689, 82228, 3
4313942761, 347748, 82291, 3
4313942774, 347805, 82344, 3
4313942787, 347836, 82393, 3
4313942800, 347836, 82393, 3
4313942813, 347914, 82473, 3
4313942826, 348022, 82578, 3
4313942839, 348106, 82688, 3
4313942852, 348323, 82888, 3
4313942865, 348482, 83031, 3
4313942878, 348692, 83218, 3
4313942891, 348740, 83290, 3
4313942904, 348742, 83292, 3
4313942917, 348808, 83365, 3
4313942930, 348930, 83519, 3
4313942943, 349017, 83606, 3
4313942956, 349169, 83788, 3
4313942969, 349232, 83878, 3
4313942982, 349356, 84023, 3
4313942995, 349524, 84189, 3
4313943008, 349655, 84311, 3
4313943021, 349655, 84311, 3
4313943034, 349655, 84311, 3
4313943047, 349655, 84311, 3
4313943060, 349655, 84311, 3
4313943073, 349655, 84311, 3
4313943086, 349655, 84311, 3
4313943099, 349655, 84311, 3
4313943112, 349655, 84311, 3
4313943125, 349655, 84311, 3
4313943138, 349655, 84311, 3
4313943151, 349655, 84311, 3
4313943164, 349655, 84311, 3
4313943177, 349655, 84311, 3
4313943190, 349655, 84311, 3
4313943203, 349655, 84311, 3
4313943216, 349655, 84311, 3
4313943229, 349655, 84311, 3
4313943242, 349655, 84311, 3
4313943255, 349655, 84311, 3
4313943268, 349682, 84341, 3
4313943281, 349766, 84437, 3
4313943294, 349880, 84544, 3
4313943307, 350041, 84694, 3
4313943320, 350049, 84709, 3
4313943333, 350069, 84738, 3
4313943346, 350181, 84869, 3
4313943359, 350274, 84989, 3
4313943372, 350418, 85122, 3
4313943385, 350576, 85289, 3
4313943398, 350676, 85396, 3
4313943411, 350851, 85538, 3
4313943424, 350991, 85657, 3
4313943437, 351203, 85823, 3
4313943450, 351435, 85999, 3
4313943463, 351514, 86074, 3
4313943476, 351644, 86200, 3
4313943489, 351771, 86331, 3
4313943502, 351856, 86440, 3
4313943515, 351946, 86550, 3
4313943528, 352119, 86714, 3
4313943541, 352237, 86832, 3
4313943554, 352396, 86972, 3
4313943567, 352539, 87103, 3
4313943580, 352604, 87152, 3
4313943593, 352703, 87265, 3
4313943606, 352913, 87448, 3
4313943619, 353007, 87541, 3
4313943632, 353064, 87601, 3
4313943645, 353064, 87601, 3
4313943658, 353083, 87615, 3
4313943671, 353085, 87616, 3
4313943684, 353085, 87616, 3
4313943697, 353094, 87627, 3
4313943710, 353094, 87627, 3
4313943723, 353097, 87628, 3
4313943736, 353111, 87637, 3
4313943749, 353135, 87666, 3
4313943762, 353164, 87697, 3
4313943775, 353218, 87755, 3
4313943788, 353254, 87803, 3
4313943801, 353294, 87849, 3
4313943814, 353375, 87907, 3
4313943827, 353405, 87938, 3
4313943840, 353467, 87986, 3
4313943853, 353561, 88047, 3
4313943866, 353587, 88088, 3
4313943879, 353632, 88143, 3
4313943892, 353648, 88162, 3
4313943905, 353685, 88200, 3
4313943918, 353718, 88229, 3
4313943931, 353748, 88261, 3
4313943944, 353785, 88309, 3
4313943957, 353835, 88366, 3
4313943970, 353885, 88415, 3
4313943983, 353933, 88457, 3
4313943996, 353992, 88503, 3
4313944009, 354019, 88531, 3
4313944022, 354076, 88590, 3
4313944035, 354126, 88638, 3
4313944048, 354187, 88704, 3
4313944061, 354241, 88754, 3
4313944074, 354290, 88792, 3
4313944087, 354311, 88813, 3
4313944100, 354327, 88821, 3
4313944113, 354363, 88848, 3
4313944126, 354437, 88910, 3
4313944139, 354451, 88930, 3
4313944152, 354471, 88951, 3
4313944165, 354497, 88978, 3
4313944178, 354552, 89033, 3
4313944191, 354576, 89055, 3
4313944204, 354652, 89112, 3
4313944217, 354702, 89156, 3
4313944230, 354733, 89181, 3
4313944243, 354753, 89203, 3
4313944256, 354765, 89224, 3
4313944269, 354843, 89275, 3
4313944282, 354891, 89316, 3
4313944295, 354922, 89358, 3
4313944308, 354980, 89397, 3
4313944321, 355013, 89452, 3
4313944334, 355082, 89511, 3
4313944347, 355113, 89547, 3
4313944360, 355145, 89595, 3
4313944373, 355151, 89604, 3
4313944386, 355163, 89619, 3
4313944399, 355236, 89676, 3
4313944412, 355271, 89707, 3
4313944425, 355334, 89771, 3
4313944438, 355428, 89858, 3
4313944451, 355486, 89911, 3
4313944464, 355534, 89948, 3
4313944477, 355574, 89987, 3
4313944490, 355639, 90030, 3
4313944503, 355714, 90095, 3
4313944516, 355764, 90142, 3
4313944529, 355807, 90180, 3
4313944542, 355854, 90228, 3
4313944555, 355913, 90280, 3
4313944568, 355945, 90315, 3
4313944581, 355974, 90346, 3
4313944594, 356000, 90383, 3
4313944607, 356034, 90419, 3
4313944620, 356086, 90463, 3
4313944633, 356145, 90521, 3
4313944646, 356160, 90534, 3
4313944659, 356160, 90534, 3
4313944672, 356160, 90534, 3
4313944685, 356160, 90534, 3
4313944698, 356160, 90534, 3
4313944711, 356160, 90534, 3
4313944724, 356160, 90534, 3
4313944737, 356160, 90534, 3
4313944750, 356160, 90534, 3
4313944763, 356160, 90534, 3
4313944776, 356160, 90534, 3
4313944789, 356160, 90534, 3
4313944802, 356160, 90534, 3
4313944815, 356160, 90534, 3
4313944828, 356160, 90534, 3
4313944841, 356160, 90534, 3
4313944854, 356160, 90534, 3
4313944867, 356160, 90534, 3
4313944880, 356160, 90534, 3
4313944893, 356165, 90535, 3
4313944906, 356165, 90535, 3
4313944919, 356223, 90575, 3
4313944932, 356298, 90647, 3
4313944945, 356340, 90694, 3
4313944958, 356392, 90734, 3
4313944971, 356448, 90791, 3
4313944984, 356525, 90857, 3
4313944997, 356585, 90905, 3
4313945010, 356626, 90950, 3
4313945023, 356681, 91004, 3
4313945036, 356756, 91057, 3
4313945049, 356864, 91134, 3
4313945062, 356923, 91193, 3
4313945075, 356964, 91231, 3
4313945088, 357032, 91289, 3
4313945101, 357119, 91346, 3
4313945114, 357217, 91398, 3
4313945127, 357278, 91453, 3
4313945140, 357343, 91498, 3
4313945153, 357362, 91517, 3
4313945166, 357414, 91566, 3
4313945179, 357456, 91607, 3
4313945192, 357497, 91649, 3
4313945205, 357571, 91719, 3
4313945218, 357648, 91796, 3
4313945231, 357732, 91875, 3
4313945244, 357801, 91945, 3
4313945257, 357861, 92010, 3
4313945270, 357895, 92063, 3
4313945283, 357989, 92157, 3
4313945296, 358054, 92213, 3
4313945309, 358130, 92288, 3
4313945322, 358224, 92347, 3
4313945335, 358295, 92408, 3
4313945348, 358389, 92481, 3
4313945361, 358464, 92544, 3
4313945374, 358529, 92603, 3
4313945387, 358591, 92668, 3
4313945400, 358639, 92711, 3
4313945413, 358720, 92770, 3
4313945426, 358770, 92815, 3
4313945439, 358831, 92874, 3
4313945452, 358879, 92907, 3
4313945465, 358918, 92928, 3
4313945478, 359017, 93003, 3
4313945491, 359076, 93061, 3
4313945504, 359178, 93133, 3
4313945517, 359222, 93167, 3
4313945530, 359303, 93240, 3
4313945543, 359369, 93284, 3
4313945556, 359431, 93351, 3
4313945569, 359439, 93369, 3
4313945582, 359439, 93369, 3
4313945595, 359507, 93428, 3
4313945608, 359554, 93465, 3
4313945621, 359632, 93522, 3
4313945634, 359672, 93556, 3
4313945647, 359731, 93602, 3
4313945660, 359793, 93668, 3
4313945673, 359829, 93700, 3
4313945686, 359917, 93758, 3
4313945699, 359981, 93803, 3
4313945712, 360021, 93840, 3
4313945725, 360107, 93908, 3
4313945738, 360168, 93957, 3
4313945751, 360223, 94018, 3
4313945764, 360264, 94048, 3
4313945777, 360342, 94115, 3
4313945790, 360382, 94156, 3
4313945803, 360382, 94156, 3
4313945816, 360382, 94157, 3
4313945829, 360405, 94175, 3
4313945842, 360446, 94225, 3
4313945855, 360488, 94269, 3
4313945868, 360521, 94294, 3
4313945881, 360560, 94336, 3
4313945894, 360642, 94423, 3
4313945907, 360691, 94461, 3
4313945920, 360737, 94498, 3
4313945933, 360850, 94581, 3
4313945946, 360912, 94629, 3
4313945959, 360946, 94669, 3
4313945972, 361026, 94740, 3
4313945985, 361075, 94785, 3
4313945998, 361110, 94820, 3
4313946011, 361142, 94863, 3
4313946024, 361225, 94908, 3
4313946037, 361257, 94943, 3
4313946050, 361317, 95009, 3
4313946063, 361359, 95056, 3
4313946076, 361414, 95104, 3
4313946089, 361503, 95166, 3
4313946102, 361590, 95227, 3
4313946115, 361657, 95279, 3
4313946128, 361746, 95323, 3
4313946141, 361810, 95390, 3
4313946154, 361849, 95432, 3
4313946167, 361963, 95515, 3
4313946180, 362015, 95568, 3
4313946193, 362064, 95609, 3
4313946206, 362142, 95676, 3
4313946219, 362248, 95745, 3
4313946232, 362312, 95792, 3
4313946245, 362425, 95876, 3
4313946258, 362470, 95918, 3
4313946271, 362542, 95979, 3
4313946284, 362612, 96048, 3
4313946297, 362706, 96120, 3
4313946310, 362776, 96166, 3
4313946323, 362806, 96202, 3
4313946336, 362868, 96252, 3
4313946349, 362934, 96290, 3
4313946362, 362959, 96323, 3
4313946375, 363053, 96387, 3
4313946388, 363103, 96441, 3
4313946401, 363167, 96498, 3
4313946414, 363235, 96553, 3
4313946427, 363275, 96587, 3
4313946440, 363340, 96635, 3
4313946453, 363420, 96713, 3
4313946466, 363479, 96777, 3
4313946479, 363509, 96803, 3
4313946492, 363583, 96865, 3
4313946505, 363634, 96920, 3
4313946518, 363697, 96961, 3
4313946531, 363760, 97018, 3
4313946544, 363798, 97062, 3
4313946557, 363860, 97127, 3
4313946570, 363862, 97129, 3
4313946583, 363862, 97129, 3
4313946596, 363862, 97129, 3
4313946609, 363862, 97129, 3
4313946622, 363862, 97129, 3
4313946635, 363862, 97129, 3
4313946648, 363862, 97129, 3
4313946661, 363862, 97129, 3
4313946674, 363862, 97129, 3
4313946687, 363862, 97129, 3
4313946700, 363862, 97129, 3
4313946713, 363862, 97129, 3
4313946726, 363862, 97129, 3
4313946739, 363862, 97129, 3
4313946752, 363862, 97129, 3
4313946765, 363862, 97129, 3
4313946778, 363862, 97129, 3
4313946791, 363862, 97129, 3
4313946804, 363862, 97129, 3
4313946817, 363897, 97172, 3
4313946830, 363932, 97215, 3
4313946843, 363989, 97259, 3
4313946856, 364017, 97294, 3
4313946869, 364052, 97326, 3
4313946882, 364109, 97373, 3
4313946895, 364178, 97424, 3
4313946908, 364231, 97472, 3
4313946921, 364332, 97552, 3
4313946934, 364384, 97604, 3
4313946947, 364439, 97646, 3
4313946960, 364468, 97669, 3
4313946973, 364520, 97700, 3
4313946986, 364593, 97747, 3
4313946999, 364635, 97789, 3
4313947012, 364691, 97838, 3
4313947025, 364750, 97881, 3
4313947038, 364818, 97937, 3
4313947051, 364896, 98005, 3
4313947064, 364968, 98058, 3
4313947077, 365005, 98098, 3
4313947090, 365052, 98147, 3
4313947103, 365087, 98188, 3
4313947116, 365154, 98242, 3
4313947129, 365196, 98290, 3
4313947142, 365237, 98333, 3
4313947155, 365331, 98398, 3
4313947168, 365393, 98449, 3
4313947181, 365453, 98498, 3
4313947194, 365514, 98554, 3
4313947207, 365582, 98617, 3
4313947220, 365641, 98670, 3
4313947233, 365705, 98721, 3
4313947246, 365749, 98770, 3
4313947259, 365820, 98822, 3
4313947272, 365877, 98862, 3
4313947285, 365906, 98888, 3
4313947298, 365967, 98931, 3
4313947311, 366016, 98979, 3
4313947324, 366080, 99030, 3
4313947337, 366136, 99065, 3
4313947350, 366224, 99125, 3
4313947363, 366268, 99171, 3
4313947376, 366310, 99215, 3
4313947389, 366427, 99304, 3
4313947402, 366465, 99343, 3
4313947415, 366499, 99379, 3
4313947428, 366593, 99446, 3
4313947441, 366669, 99499, 3
4313947454, 366783, 99576, 3
4313947467, 366833, 99620, 3
4313947480, 366927, 99702, 3
4313947493, 366993, 99756, 3
4313947506, 367021, 99792, 3
4313947519, 367108, 99858, 3
4313947532, 367136, 99891, 3
4313947545, 367205, 99954, 3
4313947558, 367259, 100008, 3
4313947571, 367336, 100070, 3
4313947584, 367413, 100136, 3
4313947597, 367470, 100197, 3
4313947610, 367557, 100281, 3
4313947623, 367605, 100342, 3
4313947636, 367658, 100405, 3
4313947649, 367707, 100455, 3
4313947662, 367743, 100483, 3
4313947675, 367775, 100516, 3
4313947688, 367824, 100557, 3
4313947701, 367862, 100599, 3
4313947714, 367927, 100675, 3
4313947727, 368024, 100742, 3
4313947740, 368091, 100826, 3
4313947753, 368143, 100877, 3
4313947766, 368208, 100938, 3
4313947779, 368304, 101013, 3
4313947792, 368347, 101056, 3
4313947805, 368460, 101146, 3
4313947818, 368520, 101193, 3
4313947831, 368609, 101263, 3
4313947844, 368646, 101301, 3
4313947857, 368701, 101358, 3
4313947870, 368808, 101458, 3
4313947883, 368866, 101507, 3
4313947896, 368961, 101561, 3
4313947909, 369048, 101612, 3
4313947922, 369126, 101678, 3
4313947935, 369163, 101725, 3
4313947948, 369224, 101770, 3
4313947961, 369259, 101809, 3
4313947974, 369340, 101891, 3
4313947987, 369400, 101934, 3
4313948000, 369477, 102010, 3
4313948013, 369545, 102074, 3
4313948026, 369621, 102129, 3
4313948039, 369732, 102208, 3
4313948052, 369818, 102291, 3
4313948065, 369923, 102372, 3
4313948078, 369990, 102421, 3
4313948091, 370038, 102467, 3
4313948104, 370072, 102500, 3
4313948117, 370157, 102560, 3
4313948130, 370226, 102624, 3
4313948143, 370267, 102670, 3
4313948156, 370312, 102718, 3
4313948169, 370371, 102771, 3
4313948182, 370450, 102858, 3
4313948195, 370525, 102912, 3
4313948208, 370588, 102963, 3
4313948221, 370699, 103067, 3
4313948234, 370789, 103144, 3
4313948247, 370889, 103227, 3
4313948260, 370954, 103286, 3
4313948273, 371019, 103343, 3
4313948286, 371086, 103400, 3
4313948299, 371206, 103479, 3
4313948312, 371259, 103515, 3
4313948325, 371262, 103519, 3
4313948338, 371289, 103542, 3
4313948351, 371370, 103610, 3
4313948364, 371470, 103703, 3
4313948377, 371617, 103811, 3
4313948390, 371697, 103866, 3
4313948403, 371744, 103919, 3
4313948416, 371848, 104017, 3
4313948429, 371931, 104103, 3
4313948442, 371973, 104146, 3
4313948455, 371973, 104146, 3
4313948468, 371973, 104146, 3
4313948481, 371973, 104146, 3
4313948494, 371973, 104146, 3
4313948507, 371973, 104146, 3
4313948520, 371973, 104146, 3
4313948533, 371973, 104146, 3
4313948546, 371973, 104146, 3
4313948559, 371973, 104146, 3
4313948572, 371973, 104146, 3
4313948585, 371973, 104146, 3
4313948598, 371973, 104146, 3
4313948611, 371973, 104146, 3
4313948624, 371973, 104146, 3
4313948637, 371973, 104146, 3
4313948650, 371973, 104146, 3
4313948663, 371973, 104146, 3
4313948676, 371973, 104146, 3
4313948689, 371973, 104146, 3
4313948702, 371981, 104149, 3
4313948715, 372029, 104181, 3
4313948728, 372088, 104233, 3
