4314569359, 19250, 0, 3750
4314569372, 19250, 0, 2068
4314569385, 19250, 0, 1428
4314569398, 19250, 0, 1090
4314569411, 19250, 0, 882
4314569424, 19250, 0, 739
4314569437, 19250, 0, 637
4314569450, 19250, 0, 559
4314569463, 19250, 0, 499
4314569476, 19250, 0, 450
4314569489, 19250, 0, 409
4314569502, 19250, 0, 376
4314569515, 19250, 0, 348
4314569528, 19250, 0, 324
4314569541, 19250, 0, 303
4314569554, 19250, 0, 283
4314569567, 19250, 0, 267
4314569580, 19250, 0, 252
4314569593, 19250, 0, 240
4314569606, 34098, 0, 418
4314569619, 34098, 0, 397
4314569632, 34098, 0, 380
4314569645, 34098, 0, 363
4314569658, 34098, 0, 348
4314569671, 34098, 0, 334
4314569684, 34098, 0, 322
4314569697, 34098, 0, 309
4314569710, 34098, 0, 298
4314569723, 34098, 0, 289
4314569736, 34098, 0, 279
4314569749, 34098, 0, 270
4314569762, 34098, 0, 262
4314569775, 34098, 0, 254
4314569788, 34098, 0, 246
4314569801, 34098, 0, 239
4314569814, 34098, 0, 232
4314569827, 34098, 0, 226
4314569840, 34098, 0, 220
4314569853, 34098, 0, 215
4314569866, 46192, 0, 286
4314569879, 46192, 0, 278
4314569892, 46192, 0, 272
4314569905, 46192, 0, 266
4314569918, 46192, 0, 260
4314569931, 46192, 0, 255
4314569944, 46192, 0, 248
4314569957, 46192, 0, 243
4314569970, 46192, 0, 238
4314569983, 46192, 0, 233
4314569996, 46192, 0, 228
4314570009, 46192, 0, 225
4314570022, 46192, 0, 220
4314570035, 46192, 0, 216
4314570048, 46192, 0, 212
4314570061, 46192, 0, 208
4314570074, 46192, 0, 205
4314570087, 46192, 0, 200
4314570100, 46192, 0, 197
4314570113, 56302, 0, 245
4314570126, 56302, 0, 242
4314570139, 56302, 0, 237
4314570152, 56302, 0, 234
4314570165, 56302, 0, 230
4314570178, 56302, 0, 226
4314570191, 56302, 0, 223
4314570204, 56302, 0, 220
4314570217, 56302, 0, 217
4314570230, 56302, 0, 213
4314570243, 56302, 0, 210
4314570256, 56302, 0, 207
4314570269, 56302, 0, 204
4314570282, 56302, 0, 201
4314570295, 56302, 0, 199
4314570308, 56302, 0, 196
4314570321, 56302, 0, 193
4314570334, 56302, 0, 191
4314570347, 56302, 0, 188
4314570360, 56302, 0, 185
4314570373, 64502, 0, 212
4314570386, 64502, 0, 210
4314570399, 64502, 0, 207
4314570412, 64502, 0, 204
4314570425, 64502, 0, 202
4314570438, 64502, 0, 200
4314570451, 64502, 0, 198
4314570464, 64502, 0, 195
4314570477, 64502, 0, 193
4314570490, 64502, 0, 191
4314570503, 64502, 0, 188
4314570516, 64502, 0, 187
4314570529, 64502, 0, 185
4314570542, 64502, 0, 182
4314570555, 64502, 0, 181
4314570568, 64502, 0, 179
4314570581, 64502, 0, 177
4314570594, 64502, 0, 174
4314570607, 64502, 0, 173
4314570620, 71378, 0, 203
4314570633, 71378, 0, 201
4314570646, 71378, 0, 198
4314570659, 71378, 0, 196
4314570672, 71378, 0, 195
4314570685, 71378, 0, 193
4314570698, 71378, 0, 191
4314570711, 71378, 0, 189
4314570724, 71378, 0, 187
4314570737, 71378, 0, 185
4314570750, 71378, 0, 184
4314570763, 71378, 0, 182
4314570776, 71378, 0, 180
4314570789, 71378, 0, 179
4314570802, 71378, 0, 177
4314570815, 71378, 0, 175
4314570828, 71378, 0, 174
4314570841, 71378, 0, 172
4314570854, 71378, 0, 171
4314570867, 71378, 0, 169
4314570880, 76992, 0, 188
4314570893, 76992, 0, 186
4314570906, 76992, 0, 185
4314570919, 76992, 0, 183
4314570932, 76992, 0, 182
4314570945, 76992, 0, 180
4314570958, 76992, 0, 179
4314570971, 76992, 0, 177
4314570984, 76992, 0, 176
4314570997, 76992, 0, 174
4314571010, 76992, 0, 172
4314571023, 76992, 0, 172
4314571036, 76992, 0, 170
4314571049, 76992, 0, 169
4314571062, 76992, 0, 167
4314571075, 76992, 0, 166
4314571088, 76992, 0, 166
4314571101, 76992, 0, 164
4314571114, 76992, 0, 163
4314571127, 81622, 0, 178
4314571140, 81622, 0, 177
4314571153, 81622, 0, 175
4314571166, 81622, 0, 175
4314571179, 81622, 0, 173
4314571192, 81622, 0, 172
4314571205, 81622, 0, 171
4314571218, 81622, 0, 170
4314571231, 81622, 0, 168
4314571244, 81622, 0, 167
4314571257, 81622, 0, 166
4314571270, 81622, 0, 165
4314571283, 81622, 0, 164
4314571296, 81622, 0, 163
4314571309, 81622, 0, 162
4314571322, 81622, 0, 161
4314571335, 81622, 0, 160
4314571348, 81622, 0, 158
4314571361, 81622, 0, 158
4314571374, 85370, 0, 166
4314571387, 85370, 0, 165
4314571400, 85370, 0, 165
4314571413, 85370, 0, 163
4314571426, 85370, 0, 163
4314571439, 85370, 0, 161
4314571452, 85370, 0, 160
4314571465, 85370, 0, 159
4314571478, 85370, 0, 158
4314571491, 85370, 0, 158
4314571504, 85370, 0, 156
4314571517, 85370, 0, 155
4314571530, 85370, 0, 155
4314571543, 85370, 0, 153
4314571556, 85370, 0, 153
4314571569, 85370, 0, 151
4314571582, 85370, 0, 151
4314571595, 85370, 0, 150
4314571608, 85370, 0, 149
4314571621, 85370, 0, 148
4314571634, 88574, 0, 152
4314571647, 88574, 0, 151
4314571660, 88574, 0, 150
4314571673, 88574, 0, 150
4314571686, 88574, 0, 148
4314571699, 88574, 0, 148
4314571712, 88574, 0, 147
4314571725, 88574, 0, 146
4314571738, 88574, 0, 145
4314571751, 88574, 0, 145
4314571764, 88574, 0, 143
4314571777, 88574, 0, 143
4314571790, 88574, 0, 142
4314571803, 88574, 0, 141
4314571816, 88574, 0, 140
4314571829, 88574, 0, 140
4314571842, 88574, 0, 140
4314571855, 88574, 0, 138
4314571868, 88574, 0, 138
4314571881, 91078, 0, 141
4314571894, 91078, 0, 140
4314571907, 91078, 0, 139
4314571920, 91078, 0, 139
4314571933, 91078, 0, 138
4314571946, 91078, 0, 137
4314571959, 91078, 0, 137
4314571972, 91078, 0, 136
4314571985, 91078, 0, 135
4314571998, 91078, 0, 134
4314572011, 91078, 0, 134
4314572024, 91078, 0, 134
4314572037, 91078, 0, 132
4314572050, 91078, 0, 132
4314572063, 91078, 0, 131
4314572076, 91078, 0, 131
4314572089, 91078, 0, 130
4314572102, 91078, 0, 129
4314572115, 91078, 0, 129
4314572128, 93042, 0, 131
4314572141, 93042, 0, 131
4314572154, 93042, 0, 131
4314572167, 93042, 0, 130
4314572180, 93042, 0, 129
4314572193, 93042, 0, 129
4314572206, 93042, 0, 128
4314572219, 93042, 0, 128
4314572232, 93042, 0, 127
4314572245, 93042, 0, 126
4314572258, 93042, 0, 126
4314572271, 93042, 0, 126
4314572284, 93042, 0, 125
4314572297, 93042, 0, 124
4314572310, 93042, 0, 124
4314572323, 93042, 0, 123
4314572336, 93042, 0, 123
4314572349, 93042, 0, 122
4314572362, 93042, 0, 121
4314572375, 93941, 0, 127
4314572388, 94836, 0, 127
4314572401, 94836, 0, 127
4314572414, 94836, 0, 126
4314572427, 94836, 0, 125
4314572440, 94836, 0, 125
4314572453, 94836, 0, 124
4314572466, 94836, 0, 124
4314572479, 94836, 0, 124
4314572492, 94836, 0, 123
4314572505, 94836, 0, 122
4314572518, 94836, 0, 122
4314572531, 94836, 0, 122
4314572544, 94836, 0, 120
4314572557, 94836, 0, 120
4314572570, 94836, 0, 120
4314572583, 94836, 0, 119
4314572596, 94836, 0, 119
4314572609, 94836, 0, 118
4314572622, 94836, 0, 118
4314572635, 96278, 0, 120
4314572648, 96278, 0, 120
4314572661, 96278, 0, 120
4314572674, 96278, 0, 120
4314572687, 96278, 0, 118
4314572700, 96278, 0, 118
4314572713, 96278, 0, 118
4314572726, 96278, 0, 117
4314572739, 96278, 0, 117
4314572752, 96278, 0, 116
4314572765, 96278, 0, 116
4314572778, 96278, 0, 115
4314572791, 96278, 0, 115
4314572804, 96278, 0, 115
4314572817, 96278, 0, 115
4314572830, 96278, 0, 113
4314572843, 96278, 0, 113
4314572856, 96278, 0, 113
4314572869, 96278, 0, 113
4314572882, 97520, 0, 115
4314572895, 97520, 0, 114
4314572908, 97520, 0, 114
4314572921, 97520, 0, 114
4314572934, 97520, 0, 113
4314572947, 97520, 0, 113
4314572960, 97520, 0, 113
4314572973, 97520, 0, 112
4314572986, 97520, 0, 111
4314572999, 97520, 0, 111
4314573012, 97520, 0, 111
4314573025, 97520, 0, 111
4314573038, 97520, 0, 110
4314573051, 97520, 0, 109
4314573064, 97520, 0, 109
4314573077, 97520, 0, 109
4314573090, 97520, 0, 109
4314573103, 97520, 0, 108
4314573116, 97520, 0, 108
4314573129, 98482, 0, 113
4314573142, 98482, 0, 112
4314573155, 98482, 0, 112
4314573168, 98482, 0, 112
4314573181, 98482, 0, 111
4314573194, 98482, 0, 110
4314573207, 98482, 0, 110
4314573220, 98482, 0, 110
4314573233, 98482, 0, 110
4314573246, 98482, 0, 110
4314573259, 98482, 0, 108
4314573272, 98482, 0, 108
4314573285, 98482, 0, 108
4314573298, 98482, 0, 108
4314573311, 98482, 0, 108
4314573324, 98482, 0, 107
4314573337, 98482, 0, 107
4314573350, 98482, 0, 106
4314573363, 98482, 0, 106
4314573376, 98482, 0, 105
4314573389, 99278, 0, 105
4314573402, 99278, 0, 105
4314573415, 99278, 0, 105
4314573428, 99278, 0, 105
4314573441, 99278, 0, 104
4314573454, 99278, 0, 103
4314573467, 99278, 0, 103
4314573480, 99278, 0, 103
4314573493, 99278, 0, 103
4314573506, 99278, 0, 103
4314573519, 99278, 0, 102
4314573532, 99278, 0, 101
4314573545, 99278, 0, 101
4314573558, 99278, 0, 101
4314573571, 99278, 0, 101
4314573584, 99278, 0, 100
4314573597, 99278, 0, 100
4314573610, 99278, 0, 100
4314573623, 99278, 0, 100
4314573636, 99972, 0, 104
4314573649, 99972, 0, 104
4314573662, 99972, 0, 103
4314573675, 99972, 0, 103
4314573688, 99972, 0, 102
4314573701, 99972, 0, 102
4314573714, 99972, 0, 102
4314573727, 99972, 0, 102
4314573740, 99972, 0, 102
4314573753, 99972, 0, 101
4314573766, 99972, 0, 100
4314573779, 99972, 0, 100
4314573792, 99972, 0, 100
4314573805, 99972, 0, 100
4314573818, 99972, 0, 100
4314573831, 99972, 0, 99
4314573844, 99972, 0, 99
4314573857, 99972, 0, 99
4314573870, 99972, 0, 98
4314573883, 100470, 0, 98
4314573896, 100470, 0, 98
4314573909, 100470, 0, 97
4314573922, 100470, 0, 97
4314573935, 100470, 0, 97
4314573948, 100470, 0, 97
4314573961, 100470, 0, 97
4314573974, 100470, 0, 97
4314573987, 100470, 0, 95
4314574000, 100470, 0, 95
4314574013, 100470, 0, 95
4314574026, 100470, 0, 95
4314574039, 100470, 0, 95
4314574052, 100470, 0, 95
4314574065, 100470, 0, 95
4314574078, 100470, 0, 94
4314574091, 100470, 0, 94
4314574104, 100470, 0, 93
4314574117, 100470, 0, 93
4314574130, 100944, 0, 93
4314574143, 100944, 0, 93
4314574156, 100944, 0, 93
4314574169, 100944, 0, 92
4314574182, 100944, 0, 92
4314574195, 100944, 0, 92
4314574208, 100944, 0, 92
4314574221, 100944, 0, 91
4314574234, 100944, 0, 91
4314574247, 100944, 0, 91
4314574260, 100944, 0, 90
4314574273, 100944, 0, 90
4314574286, 100944, 0, 90
4314574299, 100944, 0, 90
4314574312, 100944, 0, 90
4314574325, 100944, 0, 90
4314574338, 100944, 0, 90
4314574351, 100944, 0, 88
4314574364, 100944, 0, 88
4314574377, 100944, 0, 88
